3    
3    

1    
  0.0004887582694356  -0.0008465541552817   0.0105383048746880
  -0.0089865121    0.0155650007   -0.2867877939
   0.0044870850   -0.0077710095    0.1430541782
   0.0044994271   -0.0077939912    0.1437336157

2    
  0.0004887582694355  -0.0008465541552817   0.0105383048746875
   0.0046165003   -0.0079985192    0.1434458866
  -0.0044621669    0.0077284117   -0.1688714265
  -0.0001543334    0.0002701075    0.0254255399

2    
 -0.0004887582694360   0.0008465541552814  -0.0105383048746877
  -0.0045421378    0.0078647127   -0.1419091202
   0.0043212453   -0.0074859971    0.1643704017
   0.0002208925   -0.0003787156   -0.0224612815
