40

3
1
0.01058354421806 0 0
-0.06310280101149822 1.939104974355548e-06 -8.880722807541899e-07
0.002824197557612672 8.55496930221091e-07 1.292847557480021e-07
0.008721423310130486 -5.732707522229643e-07 -5.23055547900195e-07
-0.02243367986695014 8.157890347875608e-07 6.710423914318955e-07
0.008718352038344026 -7.847482577684032e-07 2.211547333605535e-06
-0.02243080427327376 -1.4580551029275e-06 1.710119156184016e-06
-0.01450421167428829 2.284172228131526e-06 2.443756876186374e-06
0.01740194378770286 3.709568318436323e-06 1.752801259001088e-06
0.003098249827766894 0.007684681739897408 0.00768516797620668
0.003034137778877327 -0.00746200267453822 -0.007463773212248026
0.003099287382156651 -0.007685180344385571 0.007685174772209439
0.003032879584456825 0.007461440186335877 -0.007466946852493337
0.003100979068507162 0.007687650045158752 -0.007686007707676699
0.003031191111391007 -0.007464424794443054 0.007462865174439433
0.003097996436919766 -0.007688302618950276 -0.007686229395967468
0.003033960573689723 0.00746365594234685 0.007465778104481869
0.001290349837275592 6.041327862416068e-05 6.016533183747508e-05
0.003500506410891141 4.275841813727865e-06 4.045621683601563e-06
0.001289336642332481 -5.914993226313614e-05 6.081828720316818e-05
0.003501387425448033 -3.195244810350051e-06 4.788939260647052e-06
0.001290026691950261 5.979173094350365e-05 -5.902300403670679e-05
0.003500542636526743 3.768785257596274e-06 -3.010238761425033e-06
0.001288873020444781 -5.921892049734478e-05 -6.039339110411324e-05
0.003501421672853569 -3.294959084049198e-06 -4.289064385765151e-06
0.004029743454069604 2.559642131028106e-07 0.001554454070230971
0.004158893685246939 -7.470321583475433e-07 -0.001745911148991697
0.001066170300189809 -2.472605080683365e-06 -0.004332116083643839
0.001024741321388994 -1.494638000900262e-06 0.004290219281504887
0.004028979001418007 -2.752067103961348e-08 -0.001553110180775086
0.004158854156072173 -1.164975162457597e-06 0.001746485054741287
0.00106535240805726 -2.418383745369807e-06 0.004333050631392887
0.001024949259964436 -1.461862767178574e-06 -0.004289678093325866
0.004029316949949305 0.001554587932483822 -3.673474124469567e-09
0.004158925602328001 -0.00174701637689062 -4.380725833736002e-07
0.004029879222504931 -0.001553404964399652 -3.840794555169018e-07
0.004158033097652086 0.001747020521695952 -7.412163381157822e-07
0.001065770824597009 -0.004331991672626004 -2.085937461892597e-06
0.001025115729262602 0.004289361253504265 -2.020244555627198e-06
0.001066010577834495 0.004332909252401887 -2.084928902944001e-06
0.001024129697557455 -0.004289229270542275 -1.842412411391658e-06
9
0.01058354421806 0 0
0.003138617588593952 0.007547535526929148 0.007545776717803842
0.003000317323421412 -0.007569002794139501 -0.007568044009625669
0.003138981915871914 -0.007546501964334915 0.00754580216154194
0.003000514966274433 0.007570707672024554 -0.007568183696801511
0.003134256121401011 0.007545888788753255 -0.007544716926448888
0.003005312121136615 -0.00757061497468617 0.007569763340794144
0.003134687813523703 -0.007544174002420495 -0.007544060998964503
0.003005363545564577 0.007572902720887588 0.007570648591062312
0.01873606739942352 -1.309530921667031e-06 -4.404693359930734e-07
-0.06183002024050809 1.469710258681303e-07 -4.334694705839836e-06
0.003774822466967896 9.668264046688361e-07 -2.004375413403526e-06
-0.01242763731485575 -7.768825258532279e-07 -5.461195338855189e-06
0.003776891067583115 -3.355101575729072e-07 -3.014943692969844e-07
-0.01242974610046432 -2.120267761537421e-06 3.299947313215959e-06
0.01125284605455134 -3.769755847423328e-07 9.403622680753769e-07
-0.01125801075845627 1.24192487567789e-06 4.30203710590828e-06
-0.01168629679087754 9.044877587321976e-07 1.429712131240102e-06
-0.01169590594006498 7.343637239117309e-07 9.636942565061091e-07
-0.0007297451472545458 4.872683213030804e-07 1.759197824691139e-06
-0.0006978450136407022 3.179113604232214e-07 1.705459359901962e-06
-0.000729260105164678 8.008720655400259e-07 -1.958530825851845e-07
-0.0006983276997749033 7.977946419835888e-07 -1.549368982001198e-07
-0.0001515320176930929 -2.659549411671014e-07 -1.097199183119901e-06
-0.000176339298004341 -1.888489671087769e-07 -1.013441245534263e-06
0.002021032820109611 4.178624101863759e-05 5.840489117336922e-07
0.01209257387683448 -0.0001305574768028922 2.468310197067947e-06
0.002020817621632934 -4.400772765089656e-05 3.478209851248693e-07
0.01209257609090752 0.0001282662146846747 2.480038232083315e-06
-0.0006706104983890534 -1.524617333230338e-05 5.829964095649398e-07
0.002160141777007358 -2.465340200985544e-06 -1.811247090144352e-06
-0.0006705706185489773 1.29128020247421e-05 6.295492798458202e-07
0.002160254511769019 -1.082410702457626e-07 -1.85024122020816e-06
0.0020205159001506 9.396836015934489e-07 4.093850268196975e-05
0.01209309823335325 6.818495865215657e-07 -0.0001312316966112781
-0.0006696618402737475 3.688147241645914e-08 -1.647100535684398e-05
0.002159320415271294 -3.967197257578881e-07 -3.065666304355452e-06
0.002020329708769301 8.169325668837962e-07 -4.287596829163909e-05
0.01209301796588907 4.435052734811859e-07 0.0001288266899870105
-0.0006697577925641636 -3.314357335804097e-08 1.40482244474216e-05
0.002159361632234624 -4.18676001923135e-07 4.29335343055115e-07
17
0.007483695885577875 0.007483695885577875 0
0.0009055531367096036 0.003040959198798212 0.001173355867880993
0.002496807162032934 0.0007400810613539298 -0.003028514156397359
0.0009162484424995402 0.00275159980821105 -0.00116800251975328
0.002459310986384295 0.0007421357151062487 0.003067783622921133
0.0009065244285497639 0.00303640954052853 -0.001171035370427355
0.002496132693484477 0.0007368644295812769 0.003030176962710429
0.0009174769324094226 0.002755723740390108 0.001170023055128845
0.002458518804969789 0.0007457964225800122 -0.003065314113911237
-0.007966262510365855 0.001261363449690697 -1.280430885689428e-06
-0.00871945597732013 0.001580009444561735 -9.898142506566124e-08
-0.0006895583450402027 0.008457202533920042 -3.477473765761151e-06
-0.0003172801020154684 0.008661050524499038 -2.918698153560633e-06
-0.0005821374752051965 -0.000503092439805693 3.867597667964052e-07
-0.0004259709578777085 -0.0004477773904333535 -8.646125399188605e-07
-8.154435608972276e-05 0.001545320997642025 2.48727939658594e-06
-0.000149117017873873 0.001509939835125224 1.750407344146859e-06
0.006837912458601991 0.02937344602956227 -1.562425114787214e-06
0.02549077610084963 0.004954148604843445 4.106472265841266e-07
0.002257299918211386 -0.01830448472747073 1.741655061726632e-06
-0.0006353934910759279 -0.003410956878395852 1.511120579944514e-06
0.0022613973708729 -0.0007213320192634987 4.523934159228471e-07
-0.0006372209529832834 0.0005586948748811287 6.925328444318257e-07
-0.002531296248777001 0.0007256290621988071 -1.098895455020621e-06
0.002019634835271455 -0.0005731315329318668 -1.075408982809112e-06
-0.006642555096530728 -0.007585871202684322 1.716056323430859e-06
-0.001514801927309164 -0.0005214337099282722 6.944175696133037e-07
-0.001031613477783527 -0.0001056833989288575 1.59498789273349e-06
-0.006666920055805047 -0.007650345151087735 6.589005127621839e-07
-0.000179358712294196 0.002155862449468062 -5.023220582545118e-07
0.0006897844932872786 -0.001737392151914537 3.047951480095179e-08
0.0006674300516642554 -0.001644854235556917 -3.674501685979603e-07
-0.0001603170915604661 0.002238155128108108 9.90391181288075e-08
-0.003943954513054861 -0.007976897340323672 -0.003641722227838915
-0.00399035258623241 -0.007979845279370918 0.003660249837263559
0.0002463139350138829 -0.0006173955961885336 0.001895304748594098
0.0002632916673277596 -0.0006076776360269629 -0.001990340638118658
-0.00394397241353318 -0.00797689045634201 0.00363987045087381
-0.003990408459222425 -0.007979838158732117 -0.003662372897186929
0.0002461901410792059 -0.0006174479136679123 -0.001897744614804718
0.0002633085171553085 -0.0006076791497418854 0.001987760588905262
