6    
12   

1    
  0.0105835442180600   0.0000000000000000   0.0000000000000000
  -0.1096643702    0.0000000000    0.0021759780
   0.0053492081    0.0000000000   -0.0004010061
  -0.0189486726    0.0000000000    0.0004330862
   0.0993543416    0.0000000000   -0.0022933887
   0.0142289602    0.0000000000   -0.0000879796
   0.0096805329    0.0000000000    0.0001733102

1    
 -0.0105835442180600   0.0000000000000000   0.0000000000000000
   0.1096643702    0.0000000000    0.0021759780
  -0.0053492081    0.0000000000   -0.0004010061
   0.0189486726    0.0000000000    0.0004330862
  -0.0993543416    0.0000000000   -0.0022933887
  -0.0142289602    0.0000000000   -0.0000879796
  -0.0096805329    0.0000000000    0.0001733102

1    
  0.0000000000000000   0.0105835442180600   0.0000000000000000
   0.0000000000   -0.1096643702   -0.0021759780
   0.0000000000    0.0053492081    0.0004010061
   0.0000000000    0.0096805329   -0.0001733102
   0.0000000000    0.0142289602    0.0000879796
   0.0000000000    0.0993543416    0.0022933887
   0.0000000000   -0.0189486726   -0.0004330862

1    
  0.0000000000000000  -0.0105835442180600   0.0000000000000000
   0.0000000000    0.1096643702   -0.0021759780
   0.0000000000   -0.0053492081    0.0004010061
   0.0000000000   -0.0096805329   -0.0001733102
   0.0000000000   -0.0142289602    0.0000879796
   0.0000000000   -0.0993543416    0.0022933887
   0.0000000000    0.0189486726   -0.0004330862

1    
  0.0000000000000000   0.0000000000000000   0.0105835442180600
   0.0000000000    0.0000000000   -0.2674279521
   0.0000000000    0.0000000000    0.1642595158
   0.0000000000    0.0000000000   -0.0137143458
   0.0000000000    0.0000000000    0.0650964423
   0.0000000000    0.0000000000    0.0665866311
   0.0000000000    0.0000000000   -0.0148002914

1    
  0.0000000000000000   0.0000000000000000  -0.0105835442180600
   0.0000000000    0.0000000000    0.2674279522
   0.0000000000    0.0000000000   -0.1642595158
   0.0000000000    0.0000000000    0.0148002914
   0.0000000000    0.0000000000   -0.0665866311
   0.0000000000    0.0000000000   -0.0650964423
   0.0000000000    0.0000000000    0.0137143458

3    
  0.0105835442180600   0.0000000000000000   0.0000000000000000
  -0.0190020546    0.0000000000   -0.0006384651
   0.0141804779    0.0000000000   -0.0001878930
  -0.0674288816    0.0000000000    0.0010547337
   0.0072345716    0.0000000000   -0.0001304838
   0.0611290204    0.0000000000   -0.0001080916
   0.0038868665    0.0000000000    0.0000101998

3    
 -0.0105835442180602   0.0000000000000000   0.0000000000000000
   0.0190020546    0.0000000000   -0.0006384651
  -0.0141804779    0.0000000000   -0.0001878930
   0.0674288816    0.0000000000    0.0010547337
  -0.0072345716    0.0000000000   -0.0001304838
  -0.0611290204    0.0000000000   -0.0001080916
  -0.0038868665    0.0000000000    0.0000101998

3    
  0.0000000000000000   0.0105835442180600   0.0000000000000000
   0.0000000000    0.0096198002   -0.0003759605
   0.0000000000    0.0992864733    0.0023959663
   0.0000000000   -0.1985664408   -0.0024038933
   0.0000000000    0.0072260789    0.0003732821
   0.0000000000    0.0785565628   -0.0001451763
   0.0000000000    0.0038775256    0.0001557817

3    
  0.0000000000000000  -0.0105835442180600   0.0000000000000000
   0.0000000000   -0.0096198002   -0.0003759605
   0.0000000000   -0.0992864733    0.0023959663
   0.0000000000    0.1985664408   -0.0024038933
   0.0000000000   -0.0072260789    0.0003732821
   0.0000000000   -0.0785565628   -0.0001451763
   0.0000000000   -0.0038775256    0.0001557817

3    
  0.0000000000000000   0.0000000000000000   0.0105835442180602
   0.0000000000    0.0000000000   -0.0146693392
   0.0000000000    0.0000000000    0.0667457463
   0.0000000000    0.0000000000   -0.1483021834
   0.0000000000    0.0000000000    0.0963545140
   0.0000000000    0.0000000000   -0.0143799787
   0.0000000000    0.0000000000    0.0142512410

3    
  0.0000000000000000   0.0000000000000000  -0.0105835442180599
   0.0000000000    0.0000000000    0.0135718878
   0.0000000000    0.0000000000   -0.0652039528
   0.0000000000    0.0000000000    0.1477358179
   0.0000000000    0.0000000000   -0.0968634479
   0.0000000000    0.0000000000    0.0149569613
   0.0000000000    0.0000000000   -0.0141972663
