   6    6
1 1
    10.358151961843495     0.000000000000000     0.000000000000000
     0.000000000000000    10.358151961843495     0.000000000000000
     0.000000000000000     0.000000000000000    25.276783710618211
1 2
    -0.509056218166584     0.000000000000000     0.000000000000000
     0.000000000000000    -0.509056218166583     0.000000000000000
     0.000000000000000     0.000000000000000   -15.511770582315030
1 3
     1.791759012687793     0.000000000000000     0.000000000000000
     0.000000000000000    -0.912470238747170     0.000000000000000
     0.000000000000000     0.000000000000000     1.342789072956853
1 4
    -9.385080080257984     0.000000000000000     0.000000000000000
     0.000000000000000    -1.343304437359551     0.000000000000000
     0.000000000000000     0.000000000000000    -6.225295637108447
1 5
    -1.343304437359551     0.000000000000000     0.000000000000000
     0.000000000000000    -9.385080080257984     0.000000000000000
     0.000000000000000     0.000000000000000    -6.225295637108448
1 6
    -0.912470238747171     0.000000000000000     0.000000000000000
     0.000000000000000     1.791759012687794     0.000000000000000
     0.000000000000000     0.000000000000000     1.342789072956853
2 1
    -0.509056218166584     0.000000000000000     0.000000000000000
     0.000000000000000    -0.509056218166583     0.000000000000000
     0.000000000000000     0.000000000000000   -15.511770582315037
2 2
    10.358151961843497     0.000000000000000     0.000000000000000
     0.000000000000000    10.358151961843495     0.000000000000000
     0.000000000000000     0.000000000000000    25.276783710618215
2 3
    -1.343304437359552     0.000000000000000     0.000000000000000
     0.000000000000000    -9.385080080257982     0.000000000000000
     0.000000000000000     0.000000000000000    -6.225295637108448
2 4
    -0.912470238747171     0.000000000000000     0.000000000000000
     0.000000000000000     1.791759012687793     0.000000000000000
     0.000000000000000     0.000000000000000     1.342789072956853
2 5
     1.791759012687793     0.000000000000000     0.000000000000000
     0.000000000000000    -0.912470238747171     0.000000000000000
     0.000000000000000     0.000000000000000     1.342789072956853
2 6
    -9.385080080257984     0.000000000000000     0.000000000000000
     0.000000000000000    -1.343304437359552     0.000000000000000
     0.000000000000000     0.000000000000000    -6.225295637108447
3 1
     1.791759012687794     0.000000000000000     0.000000000000000
     0.000000000000000    -0.912470238747171     0.000000000000000
     0.000000000000000     0.000000000000000     1.342789072956851
3 2
    -1.343304437359551     0.000000000000000     0.000000000000000
     0.000000000000000    -9.385080080257984     0.000000000000000
     0.000000000000000     0.000000000000000    -6.225295637108450
3 3
     6.372429252682233     0.000000000000000     0.000000000000000
     0.000000000000000    18.764115542379045     0.000000000000000
     0.000000000000000     0.000000000000000    13.981516457800595
3 4
    -0.681352072380994     0.000000000000000     0.000000000000000
     0.000000000000000    -0.681352072380994     0.000000000000000
     0.000000000000000     0.000000000000000    -9.132477924398938
3 5
    -5.774532044141606     0.000000000000000     0.000000000000000
     0.000000000000000    -7.420213439505019     0.000000000000000
     0.000000000000000     0.000000000000000     1.381717382699911
3 6
    -0.364999711487877     0.000000000000000     0.000000000000000
     0.000000000000000    -0.364999711487877     0.000000000000000
     0.000000000000000     0.000000000000000    -1.348249351949971
4 1
    -9.385080080257984     0.000000000000000     0.000000000000000
     0.000000000000000    -1.343304437359551     0.000000000000000
     0.000000000000000     0.000000000000000    -6.225295637108449
4 2
    -0.912470238747171     0.000000000000000     0.000000000000000
     0.000000000000000     1.791759012687794     0.000000000000000
     0.000000000000000     0.000000000000000     1.342789072956851
4 3
    -0.681352072380994     0.000000000000000     0.000000000000000
     0.000000000000000    -0.681352072380994     0.000000000000000
     0.000000000000000     0.000000000000000    -9.132477924398938
4 4
    18.764115542379045     0.000000000000000     0.000000000000000
     0.000000000000000     6.372429252682233     0.000000000000000
     0.000000000000000     0.000000000000000    13.981516457800595
4 5
    -0.364999711487877     0.000000000000000     0.000000000000000
     0.000000000000000    -0.364999711487877     0.000000000000000
     0.000000000000000     0.000000000000000    -1.348249351949972
4 6
    -7.420213439505019     0.000000000000000     0.000000000000000
     0.000000000000000    -5.774532044141606     0.000000000000000
     0.000000000000000     0.000000000000000     1.381717382699911
5 1
    -1.343304437359551     0.000000000000000     0.000000000000000
     0.000000000000000    -9.385080080257982     0.000000000000000
     0.000000000000000     0.000000000000000    -6.225295637108450
5 2
     1.791759012687793     0.000000000000000     0.000000000000000
     0.000000000000000    -0.912470238747170     0.000000000000000
     0.000000000000000     0.000000000000000     1.342789072956851
5 3
    -5.774532044141606     0.000000000000000     0.000000000000000
     0.000000000000000    -7.420213439505020     0.000000000000000
     0.000000000000000     0.000000000000000     1.381717382699911
5 4
    -0.364999711487877     0.000000000000000     0.000000000000000
     0.000000000000000    -0.364999711487877     0.000000000000000
     0.000000000000000     0.000000000000000    -1.348249351949971
5 5
     6.372429252682234     0.000000000000000     0.000000000000000
     0.000000000000000    18.764115542379045     0.000000000000000
     0.000000000000000     0.000000000000000    13.981516457800595
5 6
    -0.681352072380994     0.000000000000000     0.000000000000000
     0.000000000000000    -0.681352072380995     0.000000000000000
     0.000000000000000     0.000000000000000    -9.132477924398938
6 1
    -0.912470238747170     0.000000000000000     0.000000000000000
     0.000000000000000     1.791759012687793     0.000000000000000
     0.000000000000000     0.000000000000000     1.342789072956852
6 2
    -9.385080080257984     0.000000000000000     0.000000000000000
     0.000000000000000    -1.343304437359551     0.000000000000000
     0.000000000000000     0.000000000000000    -6.225295637108449
6 3
    -0.364999711487877     0.000000000000000     0.000000000000000
     0.000000000000000    -0.364999711487877     0.000000000000000
     0.000000000000000     0.000000000000000    -1.348249351949971
6 4
    -7.420213439505019     0.000000000000000     0.000000000000000
     0.000000000000000    -5.774532044141606     0.000000000000000
     0.000000000000000     0.000000000000000     1.381717382699911
6 5
    -0.681352072380994     0.000000000000000     0.000000000000000
     0.000000000000000    -0.681352072380994     0.000000000000000
     0.000000000000000     0.000000000000000    -9.132477924398938
6 6
    18.764115542379045     0.000000000000000     0.000000000000000
     0.000000000000000     6.372429252682235     0.000000000000000
     0.000000000000000     0.000000000000000    13.981516457800593