# ZStar shared response: Z[polarization,displacement]; units e
   1.25053300    0.00000000    0.00000000    0.00000000    1.25053300   -0.00000000    0.00000000   -0.00000000    1.38284900
   0.39861742   -0.00000000    0.11861897   -0.00000000    1.25309342   -0.00000000    0.34180607    0.00000000    2.74547711
   0.49901652   -0.27815382    0.11106805   -0.27720666    1.15344010    0.03927003    0.32119795    0.11689977    2.74544184
   0.75263559   -0.42559123    0.08965674   -0.42526468    0.90091466    0.07474312    0.26184020    0.21970468    2.74547710
   1.04008121   -0.37369824    0.05775360   -0.37452979    0.61298633    0.10192531    0.17090381    0.29601527    2.74544349
   1.22737971   -0.14743814    0.01985589   -0.14805921    0.42456958    0.11670889    0.05935400    0.33661723    2.74547920
  -0.55823574    0.22724132    0.03979321    0.22759385   -1.09445890    0.01418358    0.03410312    0.01242755   -2.74546384
  -0.76537537    0.34835090    0.03219314    0.34847847   -0.88694654    0.02689045    0.02781242    0.02334167   -2.74545965
  -1.00123615    0.30654808    0.02081841    0.30623526   -0.65123934    0.03655217    0.01815765    0.03143876   -2.74546379
  -1.15538014    0.12112045    0.00718094    0.12091343   -0.49757068    0.04179786    0.00630660    0.03573655   -2.74546201
  -0.47638869   -0.00000000   -0.04248614   -0.00000000   -1.17648384   -0.00000000   -0.03630878    0.00000000   -2.74546177
