   2    2
1 1
    18.604900596745615    -0.000249020955954    -0.000216961096561
    -0.000249020955954    18.604900078483436    -0.000045957559651
    -0.000216961096561    -0.000045957559651    18.604851148098373
1 2
   -18.604028360370368     0.000095004585417     0.000103479179905
     0.000103252228806   -18.604027330823996    -0.000080031073386
     0.000145000709978    -0.000015102017454   -18.604039625260974
2 1
   -18.604028360370368     0.000103252228806     0.000145000709978
     0.000095004585417   -18.604027330823996    -0.000015102017454
     0.000103479179905    -0.000080031073386   -18.604039625260974
2 2
    18.603156124717625     0.000050764137896    -0.000031519027871
     0.000050764137896    18.603154583536192     0.000141089852836
    -0.000031519027871     0.000141089852836    18.603228103198337