32
2

1
  0.0063487048922426   0.0000000000000000   0.0189655990200999
  -0.1848576107    0.0008655649   -0.0886488152
   0.0170448399   -0.0010624457   -0.0113494254
   0.0046179479   -0.0000091644    0.0005701733
   0.0169376098    0.0010803623   -0.0111990617
  -0.0003076001   -0.0110804920   -0.0112232077
  -0.0003245913    0.0110467542   -0.0113247330
   0.0021859182    0.0015001761    0.0002084206
   0.0022290665   -0.0015031995    0.0002038438
   0.0005162623   -0.0023751087    0.0005676021
  -0.0003937144   -0.0000128839    0.0002061639
   0.0005322294    0.0023518047    0.0005727450
  -0.0003935038   -0.0000074027    0.0002061144
  -0.0003207925   -0.0089317894   -0.0112984601
   0.0022053473   -0.0015022004    0.0002061564
   0.0022096262    0.0015013775    0.0002061155
  -0.0003112952    0.0089099108   -0.0112496088
   0.0619653687   -0.0199004261    0.0522705746
  -0.0044867879    0.0029508443   -0.0024220575
  -0.0045225421   -0.0029801107   -0.0024124223
   0.0618143249    0.0197484647    0.0530586415
   0.0275549808   -0.0006069368    0.0526704132
  -0.0015832357   -0.0048709264    0.0027019223
  -0.0022076128   -0.0000072073    0.0002856555
  -0.0016204754    0.0049069917    0.0027062747
   0.0009285278    0.0022620141   -0.0024106620
   0.0008872391   -0.0022005033   -0.0024238763
   0.0001266668   -0.0013593049    0.0002857612
   0.0001729834    0.0013628181    0.0002855657
  -0.0023842889    0.0020731708   -0.0024154746
  -0.0025967325   -0.0000086821    0.0008805936
  -0.0024842343   -0.0021049339   -0.0024190627
   0.0068660787   -0.0000365362    0.0027041299

17
  0.0063487048922426   0.0000000000000000   0.0189655990200999
   0.0618168902   -0.0197265193    0.0530016913
   0.0619583164    0.0199193328    0.0523268784
  -0.0044887254   -0.0009195254   -0.0024075102
  -0.0045429511    0.0008859495   -0.0024263819
  -0.0024477953    0.0041761656   -0.0024243537
   0.0068661040    0.0000009052    0.0027043163
  -0.0024504147   -0.0041368683   -0.0024096018
  -0.0025919433   -0.0000004990    0.0008808267
   0.0009170015    0.0001335882   -0.0024149672
   0.0001462338    0.0013582713    0.0002855638
   0.0001466345   -0.0013671614    0.0002863146
   0.0008809606   -0.0001922528   -0.0024190606
   0.0275553932    0.0006303654    0.0526698134
  -0.0015886288    0.0048856679    0.0027110674
  -0.0022138745    0.0000007550    0.0002859426
  -0.0016336928   -0.0049030247    0.0026975979
  -0.1708301515   -0.0008082170   -0.1451514344
   0.0160972437   -0.0031047840   -0.0006244498
   0.0038170880   -0.0000039149   -0.0014820664
   0.0159816796    0.0031405880   -0.0004837261
  -0.0035131839   -0.0143370148   -0.0005369589
  -0.0034884676    0.0144185557   -0.0005708760
   0.0027051109    0.0011672812   -0.0000725808
   0.0027156153   -0.0011429868   -0.0000697222
  -0.0008004960   -0.0026673530   -0.0014822523
   0.0006751253    0.0000127008   -0.0000711594
  -0.0008175743    0.0026744559   -0.0014819225
   0.0007095982    0.0000066125   -0.0000711344
  -0.0034803727   -0.0082083929   -0.0006071849
   0.0027052797   -0.0011760927   -0.0000704862
   0.0026694389    0.0011474626   -0.0000718177
  -0.0034754421    0.0081359493   -0.0005003650
