# Z-direction plane-averaged electrostatic potential
# iz   z(Angstrom)   V_avg(eV)
     0        0.00000000        3.03560186
     1        0.07966711        3.03560431
     2        0.15933421        3.03560226
     3        0.23900132        3.03560458
     4        0.31866842        3.03560273
     5        0.39833553        3.03560478
     6        0.47800263        3.03560327
     7        0.55766974        3.03560491
     8        0.63733685        3.03560386
     9        0.71700395        3.03560499
    10        0.79667106        3.03560450
    11        0.87633816        3.03560504
    12        0.95600527        3.03560516
    13        1.03567237        3.03560508
    14        1.11533948        3.03560582
    15        1.19500658        3.03560513
    16        1.27467369        3.03560647
    17        1.35434080        3.03560520
    18        1.43400790        3.03560707
    19        1.51367501        3.03560533
    20        1.59334211        3.03560761
    21        1.67300922        3.03560553
    22        1.75267632        3.03560808
    23        1.83234343        3.03560580
    24        1.91201054        3.03560846
    25        1.99167764        3.03560616
    26        2.07134475        3.03560875
    27        2.15101185        3.03560652
    28        2.23067896        3.03560877
    29        2.31034606        3.03560684
    30        2.39001317        3.03560868
    31        2.46968028        3.03560723
    32        2.54934738        3.03560851
    33        2.62901449        3.03560767
    34        2.70868159        3.03560829
    35        2.78834870        3.03560814
    36        2.86801580        3.03560803
    37        2.94768291        3.03560863
    38        3.02735002        3.03560776
    39        3.10701712        3.03560910
    40        3.18668423        3.03560751
    41        3.26635133        3.03560953
    42        3.34601844        3.03560730
    43        3.42568554        3.03560990
    44        3.50535265        3.03560716
    45        3.58501975        3.03561019
    46        3.66468686        3.03560711
    47        3.74435397        3.03561039
    48        3.82402107        3.03560717
    49        3.90368818        3.03561047
    50        3.98335528        3.03560736
    51        4.06302239        3.03561045
    52        4.14268949        3.03560768
    53        4.22235660        3.03561032
    54        4.30202371        3.03560809
    55        4.38169081        3.03560991
    56        4.46135792        3.03560835
    57        4.54102502        3.03560929
    58        4.62069213        3.03560868
    59        4.70035923        3.03560860
    60        4.78002634        3.03560907
    61        4.85969345        3.03560787
    62        4.93936055        3.03560940
    63        5.01902766        3.03560673
    64        5.09869476        3.03560846
    65        5.17836187        3.03560304
    66        5.25802897        3.03560282
    67        5.33769608        3.03559151
    68        5.41736318        3.03558449
    69        5.49703029        3.03556141
    70        5.57669740        3.03553959
    71        5.65636450        3.03549532
    72        5.73603161        3.03544651
    73        5.81569871        3.03536726
    74        5.89536582        3.03527427
    75        5.97503292        3.03514043
    76        6.05470003        3.03497903
    77        6.13436714        3.03476289
    78        6.21403424        3.03449923
    79        6.29370135        3.03416124
    80        6.37336845        3.03374674
    81        6.45303556        3.03322924
    82        6.53270266        3.03259319
    83        6.61236977        3.03181073
    84        6.69203688        3.03084756
    85        6.77170398        3.02967154
    86        6.85137109        3.02822256
    87        6.93103819        3.02645722
    88        7.01070530        3.02427909
    89        7.09037240        3.02162206
    90        7.17003951        3.01833828
    91        7.24970662        3.01431948
    92        7.32937372        3.00934247
    93        7.40904083        3.00322626
    94        7.48870793        2.99563780
    95        7.56837504        2.98627816
    96        7.64804214        2.97465084
    97        7.72770925        2.96026388
    98        7.80737635        2.94237180
    99        7.88704346        2.92017790
   100        7.96671057        2.89255741
   101        8.04637767        2.85823432
   102        8.12604478        2.81550897
   103        8.20571188        2.76234965
   104        8.28537899        2.69619579
   105        8.36504609        2.61405017
   106        8.44471320        2.51189608
   107        8.52438031        2.38485268
   108        8.60404741        2.22736508
   109        8.68371452        2.03256858
   110        8.76338162        1.79152681
   111        8.84304873        1.49247915
   112        8.92271583        1.12247684
   113        9.00238294        0.66474949
   114        9.08205005        0.09319677
   115        9.16171715       -0.62736303
   116        9.24138426       -1.51161322
   117        9.32105136       -2.54846107
   118        9.40071847       -3.71667547
   119        9.48038557       -4.99558334
   120        9.56005268       -6.37709940
   121        9.63971978       -7.85048304
   122        9.71938689       -9.38806821
   123        9.79905400      -10.93500042
   124        9.87872110      -12.40821715
   125        9.95838821      -13.70760910
   126       10.03805531      -14.73496520
   127       10.11772242      -15.40554116
   128       10.19738952      -15.65396863
   129       10.27705663      -15.44480093
   130       10.35672374      -14.78156945
   131       10.43639084      -13.70886475
   132       10.51605795      -12.30039550
   133       10.59572505      -10.64410598
   134       10.67539216       -8.83626610
   135       10.75505926       -6.99164563
   136       10.83472637       -5.23406354
   137       10.91439348       -3.67233237
   138       10.99406058       -2.37070683
   139       11.07372769       -1.32944316
   140       11.15339479       -0.52018503
   141       11.23306190        0.08209152
   142       11.31272900        0.49702869
   143       11.39239611        0.73967865
   144       11.47206321        0.81970069
   145       11.55173032        0.73967257
   146       11.63139743        0.49701625
   147       11.71106453        0.08207218
   148       11.79073164       -0.52021216
   149       11.87039874       -1.32947892
   150       11.95006585       -2.37075142
   151       12.02973295       -3.67238378
   152       12.10940006       -5.23411886
   153       12.18906717       -6.99170148
   154       12.26873427       -8.83631875
   155       12.34840138      -10.64415182
   156       12.42806848      -12.30043038
   157       12.50773559      -13.70888561
   158       12.58740269      -14.78157594
   159       12.66706980      -15.44479575
   160       12.74673691      -15.65395676
   161       12.82640401      -15.40552847
   162       12.90607112      -14.73495775
   163       12.98573822      -13.70761274
   164       13.06540533      -12.40823721
   165       13.14507243      -10.93504069
   166       13.22473954       -9.38812924
   167       13.30440665       -7.85056177
   168       13.38407375       -6.37719090
   169       13.46374086       -4.99568303
   170       13.54340796       -3.71677978
   171       13.62307507       -2.54856596
   172       13.70274217       -1.51171447
   173       13.78240928       -0.62745739
   174       13.86207638        0.09311091
   175       13.94174349        0.66467103
   176       14.02141060        1.12240417
   177       14.10107770        1.49241148
   178       14.18074481        1.79146358
   179       14.26041191        2.03250928
   180       14.34007902        2.22730916
   181       14.41974612        2.38479979
   182       14.49941323        2.51184586
   183       14.57908034        2.61400234
   184       14.65874744        2.69615002
   185       14.73841455        2.76230571
   186       14.81808165        2.81546664
   187       14.89774876        2.85819341
   188       14.97741586        2.89251775
   189       15.05708297        2.92013936
   190       15.13675008        2.94233426
   191       15.21641718        2.96022722
   192       15.29608429        2.97461500
   193       15.37575139        2.98624304
   194       15.45541850        2.99560335
   195       15.53508560        3.00319242
   196       15.61475271        3.00930920
   197       15.69441981        3.01428674
   198       15.77408692        3.01830604
   199       15.85375403        3.02159029
   200       15.93342113        3.02424778
   201       16.01308824        3.02642634
   202       16.09275534        3.02819211
   203       16.17242245        3.02964149
   204       16.25208955        3.03081791
   205       16.33175666        3.03178147
   206       16.41142377        3.03256431
   207       16.49109087        3.03320073
   208       16.57075798        3.03371860
   209       16.65042508        3.03413346
   210       16.73009219        3.03447183
   211       16.80975929        3.03473584
   212       16.88942640        3.03495234
   213       16.96909351        3.03511410
   214       17.04876061        3.03524829
   215       17.12842772        3.03534164
   216       17.20809482        3.03542124
   217       17.28776193        3.03547041
   218       17.36742903        3.03551503
   219       17.44709614        3.03553720
   220       17.52676325        3.03556064
   221       17.60643035        3.03556800
   222       17.68609746        3.03557967
   223       17.76576456        3.03558023
   224       17.84543167        3.03558601
   225       17.92509877        3.03558463
   226       18.00476588        3.03558765
   227       18.08443298        3.03558647
   228       18.16410009        3.03558802
   229       18.24376720        3.03558790
   230       18.32343430        3.03558833
   231       18.40310141        3.03558929
   232       18.48276851        3.03558870
   233       18.56243562        3.03559061
   234       18.64210272        3.03558915
   235       18.72176983        3.03559173
   236       18.80143694        3.03558944
   237       18.88110404        3.03559256
   238       18.96077115        3.03558982
   239       19.04043825        3.03559328
   240       19.12010536        3.03559033
   241       19.19977246        3.03559390
   242       19.27943957        3.03559097
   243       19.35910668        3.03559441
   244       19.43877378        3.03559172
   245       19.51844089        3.03559482
   246       19.59810799        3.03559256
   247       19.67777510        3.03559515
   248       19.75744220        3.03559347
   249       19.83710931        3.03559541
   250       19.91677641        3.03559443
   251       19.99644352        3.03559564
   252       20.07611063        3.03559540
   253       20.15577773        3.03559586
   254       20.23544484        3.03559636
   255       20.31511194        3.03559609
   256       20.39477905        3.03559729
   257       20.47444615        3.03559635
   258       20.55411326        3.03559815
   259       20.63378037        3.03559667
   260       20.71344747        3.03559894
   261       20.79311458        3.03559705
   262       20.87278168        3.03559963
   263       20.95244879        3.03559739
   264       21.03211589        3.03560004
   265       21.11178300        3.03559773
   266       21.19145011        3.03560036
   267       21.27111721        3.03559816
   268       21.35078432        3.03560059
   269       21.43045142        3.03559867
   270       21.51011853        3.03560075
   271       21.58978563        3.03559924
   272       21.66945274        3.03560085
   273       21.74911985        3.03559986
   274       21.82878695        3.03560091
   275       21.90845406        3.03560052
   276       21.98812116        3.03560095
   277       22.06778827        3.03560118
   278       22.14745537        3.03560099
   279       22.22712248        3.03560184
   280       22.30678958        3.03560106
   281       22.38645669        3.03560246
   282       22.46612380        3.03560116
   283       22.54579090        3.03560303
   284       22.62545801        3.03560132
   285       22.70512511        3.03560353
   286       22.78479222        3.03560155
   287       22.86445932        3.03560396
