5    
30   

1    
  0.0105835442180600   0.0000000000000000  -0.0000000000000033
  -0.0510396431    0.0004001547   -0.0003742487
  -0.0018114178   -0.0000107865    0.0000101640
   0.0398252504   -0.0006146850    0.0005737442
   0.0145124639    0.0002194494   -0.0002493381
  -0.0017009108   -0.0000027602    0.0000032128

1    
 -0.0105835442180600   0.0000000000000000  -0.0000000000000033
   0.0510396395    0.0004001548   -0.0003742478
   0.0018114209   -0.0000107856    0.0000101599
  -0.0398252427   -0.0006146845    0.0005737467
  -0.0145124687    0.0002194497   -0.0002493380
   0.0017009073   -0.0000027601    0.0000032125

1    
 -0.0000000000000000   0.0105835442180600  -0.0000000000000033
   0.0000000000   -0.0514395316   -0.0003708749
   0.0000000000   -0.0018006542    0.0000101860
   0.0000000000    0.0404370604    0.0005803268
   0.0000000000    0.0142948404   -0.0002481388
   0.0000000000   -0.0016981461    0.0000032262

1    
  0.0000000000000000  -0.0105835442180600  -0.0000000000000033
   0.0000000000    0.0506414679   -0.0003522424
   0.0000000000    0.0018221935    0.0000100928
   0.0000000000   -0.0392134150    0.0005700502
   0.0000000000   -0.0147308001   -0.0002522283
   0.0000000000    0.0017036587    0.0000032505

1    
  0.0000000000000000   0.0000000000000000   0.0105835442180580
   0.0000000000    0.0000000000   -0.0952418962
   0.0000000000    0.0000000000    0.0078637760
   0.0000000000    0.0000000000    0.0569541996
   0.0000000000    0.0000000000    0.0290003627
   0.0000000000    0.0000000000    0.0010278472

1    
  0.0000000000000000   0.0000000000000000  -0.0105835442180646
   0.0000000000    0.0000000000    0.0955903173
   0.0000000000    0.0000000000   -0.0079939940
   0.0000000000    0.0000000000   -0.0567329285
   0.0000000000    0.0000000000   -0.0292617033
   0.0000000000    0.0000000000   -0.0010598045

2    
  0.0105835442180594   0.0000000000000000   0.0000000000000000
  -0.0018116250   -0.0000057041    0.0000025303
  -0.0488009243   -0.0006237303    0.0008180228
   0.0012575143   -0.0000070469    0.0000010330
   0.0002702037    0.0000004380   -0.0002017277
   0.0491855966    0.0006832891   -0.0006502526

2    
 -0.0105835442180603   0.0000000000000000   0.0000000000000000
   0.0018116217   -0.0000057042    0.0000025319
   0.0488009276   -0.0006237302    0.0008180238
  -0.0012575062   -0.0000070469    0.0000010335
  -0.0002702085    0.0000004381   -0.0002017271
  -0.0491856003    0.0006832889   -0.0006502526

2    
 -0.0000000000000002   0.0105835442180600   0.0000000000000000
   0.0000000000   -0.0018058573    0.0000025823
   0.0000000000   -0.0481626209    0.0007975399
   0.0000000000    0.0012645593    0.0000010291
   0.0000000000    0.0002697088   -0.0002014820
   0.0000000000    0.0484995720   -0.0006428944

2    
 -0.0000000000000004  -0.0105835442180598   0.0000000000000000
   0.0000000000    0.0018173168    0.0000026664
   0.0000000000    0.0494512414    0.0008307589
   0.0000000000   -0.0012504457    0.0000010522
   0.0000000000   -0.0002706644   -0.0002019403
   0.0000000000   -0.0498717197   -0.0006547946

2    
 -0.0000000000000005   0.0000000000000000   0.0105835442180613
   0.0000000000    0.0000000000    0.0079162244
   0.0000000000    0.0000000000   -0.1542825622
   0.0000000000    0.0000000000   -0.0010129635
   0.0000000000    0.0000000000    0.0843603393
   0.0000000000    0.0000000000    0.0626410845

2    
 -0.0000000000000005   0.0000000000000000  -0.0105835442180596
   0.0000000000    0.0000000000   -0.0079389448
   0.0000000000    0.0000000000    0.1504925864
   0.0000000000    0.0000000000    0.0010427771
   0.0000000000    0.0000000000   -0.0805093019
   0.0000000000    0.0000000000   -0.0626077693

3    
  0.0105835442180601   0.0000000000000000  -0.0000000000000033
   0.0398242026    0.0006179364   -0.0005931634
   0.0012558213   -0.0000102340   -0.0000237059
  -0.0412039920   -0.0005904132    0.0006100261
  -0.0000441801   -0.0000383437    0.0000197545
   0.0002178763   -0.0000066011   -0.0000008302

3    
 -0.0105835442180599   0.0000000000000000  -0.0000000000000033
  -0.0398242056    0.0006179364   -0.0005931671
  -0.0012558178   -0.0000102340   -0.0000237015
   0.0412040002   -0.0005904132    0.0006100244
   0.0000441752   -0.0000383437    0.0000197544
  -0.0002178799   -0.0000066011   -0.0000008283

3    
  0.0000000000000001   0.0105835442180602  -0.0000000000000033
   0.0000000000    0.0392097132   -0.0005895500
   0.0000000000    0.0012660758   -0.0000237809
   0.0000000000   -0.0406171854    0.0006085685
   0.0000000000   -0.0000059947    0.0000195660
   0.0000000000    0.0002244629   -0.0000008696

3    
 -0.0000000000000001  -0.0105835442180598  -0.0000000000000033
   0.0000000000   -0.0404391966   -0.0005994806
   0.0000000000   -0.0012453679   -0.0000241722
   0.0000000000    0.0417899639    0.0006149422
   0.0000000000    0.0000823929    0.0000200900
   0.0000000000   -0.0002112750   -0.0000009758

3    
  0.0000000000000000   0.0000000000000000   0.0105835442180580
   0.0000000000    0.0000000000    0.0567501624
   0.0000000000    0.0000000000   -0.0010260620
   0.0000000000    0.0000000000   -0.0693407514
   0.0000000000    0.0000000000    0.0137596667
   0.0000000000    0.0000000000   -0.0002242328

3    
  0.0000000000000000   0.0000000000000000  -0.0105835442180646
   0.0000000000    0.0000000000   -0.0569408638
   0.0000000000    0.0000000000    0.0010208137
   0.0000000000    0.0000000000    0.0696523712
   0.0000000000    0.0000000000   -0.0138894231
   0.0000000000    0.0000000000    0.0002218753

4    
  0.0105835442180594   0.0000000000000000   0.0000000000000000
   0.0145111932   -0.0002477918    0.0002347382
   0.0002700015   -0.0000491299    0.0001538917
  -0.0000436358    0.0000109331    0.0000107654
  -0.0188296869    0.0003191885   -0.0003754814
   0.0041535813   -0.0000054412   -0.0000168956

4    
 -0.0105835442180603   0.0000000000000000   0.0000000000000000
  -0.0145111968   -0.0002477918    0.0002347313
  -0.0002699979   -0.0000491299    0.0001538965
   0.0000436441    0.0000109331    0.0000107632
   0.0188296821    0.0003191884   -0.0003754828
  -0.0041535849   -0.0000054412   -0.0000168938

4    
 -0.0000000000000002   0.0105835442180600   0.0000000000000000
   0.0000000000    0.0147582548    0.0002364933
   0.0000000000    0.0003193956    0.0001528534
   0.0000000000   -0.0000546358    0.0000107160
   0.0000000000   -0.0191465736   -0.0003776983
   0.0000000000    0.0041590580   -0.0000171293

4    
 -0.0000000000000004  -0.0105835442180598   0.0000000000000000
   0.0000000000   -0.0142658379    0.0002333308
   0.0000000000   -0.0002210014    0.0001531335
   0.0000000000    0.0000330652    0.0000105350
   0.0000000000    0.0185128637   -0.0003755162
   0.0000000000   -0.0041482262   -0.0000172161

4    
 -0.0000000000000005   0.0000000000000000   0.0105835442180580
   0.0000000000    0.0000000000    0.0292087491
   0.0000000000    0.0000000000    0.0804486326
   0.0000000000    0.0000000000    0.0139490730
   0.0000000000    0.0000000000   -0.1235698247
   0.0000000000    0.0000000000    0.0000037556

4    
 -0.0000000000000005   0.0000000000000000  -0.0105835442180613
   0.0000000000    0.0000000000   -0.0290517969
   0.0000000000    0.0000000000   -0.0844237903
   0.0000000000    0.0000000000   -0.0136989914
   0.0000000000    0.0000000000    0.1273134934
   0.0000000000    0.0000000000   -0.0001438994

5    
  0.0105835442180601   0.0000000000000000   0.0000000000000000
  -0.0017025129    0.0000033081    0.0000082455
   0.0491836200   -0.0006941251    0.0006799034
   0.0002179106   -0.0000053396   -0.0000018342
   0.0041538644   -0.0000173222   -0.0000144947
  -0.0517983873    0.0006888238   -0.0006740085

5    
 -0.0105835442180599   0.0000000000000000   0.0000000000000000
   0.0017025096    0.0000033081    0.0000082530
  -0.0491836167   -0.0006941252    0.0006798963
  -0.0002179024   -0.0000053396   -0.0000018312
  -0.0041538692   -0.0000173222   -0.0000144934
   0.0517983837    0.0006888240   -0.0006740115

5    
  0.0000000000000001   0.0105835442180602   0.0000000000000000
   0.0000000000   -0.0017067987    0.0000089777
   0.0000000000    0.0498822979    0.0006840191
   0.0000000000    0.0002232881   -0.0000017396
   0.0000000000    0.0041714947   -0.0000138235
   0.0000000000   -0.0524901615   -0.0006811805

5    
 -0.0000000000000001  -0.0105835442180598   0.0000000000000000
   0.0000000000    0.0017004863    0.0000082772
   0.0000000000   -0.0484897881    0.0006718852
   0.0000000000   -0.0002126085   -0.0000019001
   0.0000000000   -0.0041369114   -0.0000139026
   0.0000000000    0.0511056133   -0.0006658287

5    
  0.0000000000000000   0.0000000000000000   0.0105835442180596
   0.0000000000    0.0000000000    0.0010476624
   0.0000000000    0.0000000000    0.0625983340
   0.0000000000    0.0000000000   -0.0002219208
   0.0000000000    0.0000000000    0.0001135830
   0.0000000000    0.0000000000   -0.0635835144

5    
  0.0000000000000000   0.0000000000000000  -0.0105835442180613
   0.0000000000    0.0000000000   -0.0010442734
   0.0000000000    0.0000000000   -0.0626541940
   0.0000000000    0.0000000000    0.0002243238
   0.0000000000    0.0000000000   -0.0000341072
   0.0000000000    0.0000000000    0.0635986720
