   5    5
1 1
     4.814207475200804     0.000000000067727    -0.000000000000000
     0.000000000067727     4.814207475068020     0.000000000000000
    -0.000000000000000     0.000000000000000     9.001675221937385
1 2
     0.168702105715951     0.000000000002373     0.000000000000000
     0.000000000002373     0.168702105711298    -0.000000000000000
    -0.000000000000000    -0.000000000000000    -0.762124989116044
1 3
    -3.766208327644342    -0.000000000052983     0.000000000000000
    -0.000000000052983    -3.766208327540465     0.000000000000000
     0.000000000000000    -0.000000000000000    -5.377476107188660
1 4
    -1.374303895039314    -0.000000000019334     0.000000000000000
    -0.000000000019334    -1.374303895001409    -0.000000000000000
     0.000000000000000    -0.000000000000000    -2.757020496707310
1 5
     0.157602641766902     0.000000000002217    -0.000000000000000
     0.000000000002217     0.157602641762556     0.000000000000000
    -0.000000000000000     0.000000000000000    -0.105053628925370
2 1
     0.168702105715951     0.000000000002373    -0.000000000000000
     0.000000000002373     0.168702105711298    -0.000000000000000
     0.000000000000000    -0.000000000000000    -0.762124989116043
2 2
     4.614760988604502     0.000000000064921    -0.000000000000000
     0.000000000064921     4.614760988477222     0.000000000000000
    -0.000000000000000     0.000000000000000    14.386348535132246
2 3
    -0.116127398978478    -0.000000000001634     0.000000000000000
    -0.000000000001634    -0.116127398975274    -0.000000000000000
     0.000000000000000    -0.000000000000000     0.091289529111803
2 4
    -0.022712255417539    -0.000000000000320    -0.000000000000000
    -0.000000000000320    -0.022712255416912    -0.000000000000000
     0.000000000000000     0.000000000000000    -7.792775216194883
2 5
    -4.644623439924437    -0.000000000065341     0.000000000000000
    -0.000000000065341    -4.644623439796333    -0.000000000000000
     0.000000000000000    -0.000000000000000    -5.922737858933123
3 1
    -3.766208327644341    -0.000000000052983     0.000000000000000
    -0.000000000052983    -3.766208327540465    -0.000000000000000
     0.000000000000000     0.000000000000000    -5.377476107188662
3 2
    -0.116127398978478    -0.000000000001634     0.000000000000000
    -0.000000000001634    -0.116127398975275    -0.000000000000000
     0.000000000000000    -0.000000000000000     0.091289529111803
3 3
     3.894950902007449     0.000000000054795    -0.000000000000000
     0.000000000054795     3.894950901900021    -0.000000000000000
    -0.000000000000000    -0.000000000000000     6.567422377220720
3 4
     0.006116825013156     0.000000000000086     0.000000000000000
     0.000000000000086     0.006116825012987    -0.000000000000000
     0.000000000000000    -0.000000000000000    -1.303384025973216
3 5
    -0.018732000397786    -0.000000000000264    -0.000000000000000
    -0.000000000000264    -0.018732000397269     0.000000000000000
    -0.000000000000000     0.000000000000000     0.022148226829355
4 1
    -1.374303895039314    -0.000000000019334     0.000000000000000
    -0.000000000019334    -1.374303895001409    -0.000000000000000
     0.000000000000000    -0.000000000000000    -2.757020496707310
4 2
    -0.022712255417539    -0.000000000000320     0.000000000000000
    -0.000000000000320    -0.022712255416912     0.000000000000000
    -0.000000000000000    -0.000000000000000    -7.792775216194883
4 3
     0.006116825013156     0.000000000000086     0.000000000000000
     0.000000000000086     0.006116825012987    -0.000000000000000
     0.000000000000000    -0.000000000000000    -1.303384025973215
4 4
     1.781316909517852     0.000000000025060    -0.000000000000000
     0.000000000025060     1.781316909468721     0.000000000000000
    -0.000000000000000     0.000000000000000    11.857213877734912
4 5
    -0.390417584074155    -0.000000000005492    -0.000000000000000
    -0.000000000005492    -0.390417584063387     0.000000000000000
    -0.000000000000000     0.000000000000000    -0.004034138859501
5 1
     0.157602641766902     0.000000000002217    -0.000000000000000
     0.000000000002217     0.157602641762555     0.000000000000000
    -0.000000000000000     0.000000000000000    -0.105053628925371
5 2
    -4.644623439924437    -0.000000000065341     0.000000000000000
    -0.000000000065341    -4.644623439796332    -0.000000000000000
     0.000000000000000    -0.000000000000000    -5.922737858933122
5 3
    -0.018732000397786    -0.000000000000264    -0.000000000000000
    -0.000000000000264    -0.018732000397269     0.000000000000000
    -0.000000000000000     0.000000000000000     0.022148226829354
5 4
    -0.390417584074155    -0.000000000005492    -0.000000000000000
    -0.000000000005492    -0.390417584063387     0.000000000000000
    -0.000000000000000     0.000000000000000    -0.004034138859502
5 5
     4.896170382629475     0.000000000068880     0.000000000000000
     0.000000000068880     4.896170382494432     0.000000000000000
     0.000000000000000     0.000000000000000     6.009677399888639