   2    2
1 1
    18.600950142696782     0.000729352320784     0.000011292599672
     0.000729352320784    18.600823425869834    -0.000323627727209
     0.000011292599672    -0.000323627727209    18.600828271793596
1 2
   -18.601613062615154    -0.001102468315957    -0.000020075402780
     0.000306379473718   -18.601391415559430    -0.000049765415995
    -0.000027567043504     0.000314495605710   -18.601398782452200
2 1
   -18.601613062615154     0.000306379473718    -0.000027567043504
    -0.001102468315957   -18.601391415559430     0.000314495605710
    -0.000020075402780    -0.000049765415995   -18.601398782452200
2 2
    18.602275982341087     0.000066736694610     0.000036350946201
     0.000066736694610    18.601959405687104     0.000058898096426
     0.000036350946201     0.000058898096426    18.601969293132679