   2    2
1 1
    41.180627315275473    -0.000000000946997     0.000000000000000
    -0.000000000946997    41.180627317799939     0.000000000000000
     0.000000000000000     0.000000000000000    15.278480807178600
1 2
   -41.180627315275473     0.000000000946997    -0.000000000000000
     0.000000000946997   -41.180627317799939    -0.000000000000000
    -0.000000000000000    -0.000000000000000   -15.278480807178600
2 1
   -41.180627315275473     0.000000000946997    -0.000000000000000
     0.000000000946997   -41.180627317799939    -0.000000000000000
    -0.000000000000000    -0.000000000000000   -15.278480807178600
2 2
    41.180627315275480    -0.000000000946997     0.000000000000000
    -0.000000000946997    41.180627317799939     0.000000000000000
     0.000000000000000     0.000000000000000    15.278480807178600