   3    3
1 1
    18.503750008653672     0.000000000000000     0.000000000000000
     0.000000000000000    18.503750008643657    -0.000000000000000
     0.000000000000000    -0.000000000000000    27.168524881804618
1 2
    -9.251875004326836     0.000000000000000     0.000000000000000
     0.000000000000000    -9.251875004321830     0.000000000000000
     0.000000000000000     0.000000000000000   -13.584262440902306
1 3
    -9.251875004326836     0.000000000000000    -0.000000000000000
     0.000000000000000    -9.251875004321828     0.000000000000000
    -0.000000000000000     0.000000000000000   -13.584262440902307
2 1
    -9.251875004326838     0.000000000000000     0.000000000000000
     0.000000000000000    -9.251875004321828     0.000000000000000
     0.000000000000000     0.000000000000000   -13.584262440902309
2 2
     8.927210094090205     0.000000000000000     0.000000000000000
     0.000000000000000     8.927210094085371    -0.000000000000000
     0.000000000000000    -0.000000000000000    15.833638705100041
2 3
     0.324664910236635     0.000000000000000    -0.000000000000000
     0.000000000000000     0.324664910236459    -0.000000000000000
    -0.000000000000000    -0.000000000000000    -2.249376264197731
3 1
    -9.251875004326836     0.000000000000000    -0.000000000000000
     0.000000000000000    -9.251875004321828     0.000000000000000
    -0.000000000000000     0.000000000000000   -13.584262440902307
3 2
     0.324664910236634     0.000000000000000    -0.000000000000000
     0.000000000000000     0.324664910236459    -0.000000000000000
    -0.000000000000000    -0.000000000000000    -2.249376264197732
3 3
     8.927210094090203     0.000000000000000     0.000000000000000
     0.000000000000000     8.927210094085369    -0.000000000000000
     0.000000000000000    -0.000000000000000    15.833638705100039