   5    5
1 1
     4.827349030997333     0.000000000067912     0.000000000000000
     0.000000000067912     4.827349030864188    -0.000000000000000
     0.000000000000000    -0.000000000000000     9.005268204395472
1 2
     0.167005829412283     0.000000000002349    -0.000000000000000
     0.000000000002349     0.167005829407677     0.000000000000000
    -0.000000000000000     0.000000000000000    -0.763046041341790
1 3
    -3.769844791250069    -0.000000000053035    -0.000000000000000
    -0.000000000053035    -3.769844791146091     0.000000000000000
    -0.000000000000000     0.000000000000000    -5.378485954206247
1 4
    -1.378089862876249    -0.000000000019387    -0.000000000000000
    -0.000000000019387    -1.378089862838240     0.000000000000000
    -0.000000000000000     0.000000000000000    -2.757913918085017
1 5
     0.153579793716701     0.000000000002161    -0.000000000000000
     0.000000000002161     0.153579793712465     0.000000000000000
    -0.000000000000000     0.000000000000000    -0.105822290762419
2 1
     0.167005829412283     0.000000000002349    -0.000000000000000
     0.000000000002349     0.167005829407677     0.000000000000000
    -0.000000000000000     0.000000000000000    -0.763046041341791
2 2
     4.607356076652788     0.000000000064817     0.000000000000000
     0.000000000064817     4.607356076525710    -0.000000000000000
     0.000000000000000    -0.000000000000000    14.387189263064334
2 3
    -0.113417778726486    -0.000000000001596     0.000000000000000
    -0.000000000001596    -0.113417778723358    -0.000000000000000
     0.000000000000000    -0.000000000000000     0.090827925142659
2 4
    -0.019518739603144    -0.000000000000275    -0.000000000000000
    -0.000000000000275    -0.019518739602605     0.000000000000000
    -0.000000000000000     0.000000000000000    -7.791421204182209
2 5
    -4.641425387735441    -0.000000000065296     0.000000000000000
    -0.000000000065296    -4.641425387607425    -0.000000000000000
     0.000000000000000    -0.000000000000000    -5.923549942682996
3 1
    -3.769844791250069    -0.000000000053035    -0.000000000000000
    -0.000000000053035    -3.769844791146091     0.000000000000000
    -0.000000000000000     0.000000000000000    -5.378485954206247
3 2
    -0.113417778726487    -0.000000000001596     0.000000000000000
    -0.000000000001596    -0.113417778723358    -0.000000000000000
     0.000000000000000    -0.000000000000000     0.090827925142659
3 3
     3.894808838954081     0.000000000054793     0.000000000000000
     0.000000000054793     3.894808838846656    -0.000000000000000
     0.000000000000000    -0.000000000000000     6.568413002885281
3 4
     0.006667088109432     0.000000000000094    -0.000000000000000
     0.000000000000094     0.006667088109248     0.000000000000000
    -0.000000000000000     0.000000000000000    -1.303058058360041
3 5
    -0.018213357086957    -0.000000000000256     0.000000000000000
    -0.000000000000256    -0.018213357086454    -0.000000000000000
     0.000000000000000    -0.000000000000000     0.022303084538347
4 1
    -1.378089862876248    -0.000000000019387    -0.000000000000000
    -0.000000000019387    -1.378089862838239     0.000000000000000
    -0.000000000000000     0.000000000000000    -2.757913918085016
4 2
    -0.019518739603144    -0.000000000000275    -0.000000000000000
    -0.000000000000275    -0.019518739602605     0.000000000000000
    -0.000000000000000     0.000000000000000    -7.791421204182208
4 3
     0.006667088109432     0.000000000000094    -0.000000000000000
     0.000000000000094     0.006667088109248     0.000000000000000
    -0.000000000000000     0.000000000000000    -1.303058058360040
4 4
     1.780794822681469     0.000000000025052     0.000000000000000
     0.000000000025052     1.780794822632352    -0.000000000000000
     0.000000000000000    -0.000000000000000    11.856190260970061
4 5
    -0.389853308311508    -0.000000000005485    -0.000000000000000
    -0.000000000005484    -0.389853308300755     0.000000000000000
    -0.000000000000000     0.000000000000000    -0.003797080342798
5 1
     0.153579793716701     0.000000000002161    -0.000000000000000
     0.000000000002161     0.153579793712465     0.000000000000000
    -0.000000000000000     0.000000000000000    -0.105822290762419
5 2
    -4.641425387735441    -0.000000000065296     0.000000000000000
    -0.000000000065296    -4.641425387607424    -0.000000000000000
     0.000000000000000    -0.000000000000000    -5.923549942682995
5 3
    -0.018213357086957    -0.000000000000256     0.000000000000000
    -0.000000000000256    -0.018213357086454    -0.000000000000000
     0.000000000000000    -0.000000000000000     0.022303084538347
5 4
    -0.389853308311508    -0.000000000005484    -0.000000000000000
    -0.000000000005485    -0.389853308300755     0.000000000000000
    -0.000000000000000     0.000000000000000    -0.003797080342798
5 5
     4.895912259417205     0.000000000068876     0.000000000000000
     0.000000000068876     4.895912259282169    -0.000000000000000
     0.000000000000000    -0.000000000000000     6.010866229249865