5    
10   

1    
  0.0007172150602362   0.0000000000000000   0.0052429433156627
  -0.0034972129    0.0000018520   -0.0472837179
  -0.0001230767    0.0000000000    0.0039157611
   0.0027388617   -0.0000028503    0.0281904459
   0.0009662193    0.0000010312    0.0143987424
  -0.0001154709    0.0000000000    0.0005126186

1    
 -0.0007172150602362   0.0000000000000000  -0.0052429433156660
   0.0034513519    0.0000018303    0.0473067147
   0.0001223721    0.0000000000   -0.0039390937
  -0.0026581990   -0.0000028326   -0.0281300182
  -0.0010005293    0.0000010033   -0.0144658669
   0.0001150753    0.0000000000   -0.0005202065

2    
  0.0007172150602358   0.0000000000000000   0.0052429433156643
  -0.0001230889    0.0000000000    0.0039216883
  -0.0032458946   -0.0000055605   -0.0759843683
   0.0000853169    0.0000000000   -0.0005060256
   0.0000070711    0.0000000000    0.0412974912
   0.0032877851    0.0000031093    0.0310260289

2    
 -0.0007172150602363   0.0000000000000000  -0.0052429433156677
   0.0001223906    0.0000000000   -0.0039269333
   0.0033507777    0.0000008212    0.0750148083
  -0.0000851031    0.0000000000    0.0005123305
  -0.0000291235    0.0000000000   -0.0403585656
  -0.0033779087    0.0000031015   -0.0310231886

3    
  0.0007172150602361   0.0000000000000000   0.0052429433156627
   0.0026590778    0.0000028540    0.0281347776
   0.0000847362    0.0000000000   -0.0005037277
  -0.0027501127   -0.0000027664   -0.0343908377
  -0.0000042414    0.0000000000    0.0068324250
   0.0000147241    0.0000000000   -0.0001108214

3    
 -0.0007172150602361   0.0000000000000000  -0.0052429433156660
  -0.0027381786    0.0000028716   -0.0281897445
  -0.0000857108    0.0000000000    0.0005086705
   0.0028334892   -0.0000027456    0.0344739870
   0.0000016793    0.0000000000   -0.0068646835
  -0.0000147963    0.0000000000    0.0001101121

4    
  0.0007172150602358   0.0000000000000000   0.0052429433156627
   0.0010009666   -0.0000011547    0.0144546861
   0.0000290515    0.0000000000    0.0403516299
  -0.0000038428    0.0000000000    0.0068802950
  -0.0013007887    0.0000014743   -0.0616788456
   0.0002793590    0.0000000000    0.0000205449

4    
 -0.0007172150602363   0.0000000000000000  -0.0052429433156660
  -0.0009657941   -0.0000011686   -0.0144129185
  -0.0000070405    0.0000000000   -0.0413115708
   0.0000021022    0.0000000000   -0.0068169237
   0.0012496050    0.0000015033    0.0625877417
  -0.0002836501    0.0000000000   -0.0000541356

5    
  0.0007172150602361   0.0000000000000000   0.0052429433156643
  -0.0001159388    0.0000000000    0.0005193617
   0.0033764531   -0.0000031472    0.0310280673
   0.0000148460    0.0000000000   -0.0001106693
   0.0002830040    0.0000000000    0.0000475304
  -0.0035546056    0.0000031166   -0.0315088740

5    
 -0.0007172150602361   0.0000000000000000  -0.0052429433156643
   0.0001146236    0.0000000000   -0.0005184232
  -0.0032892722   -0.0000031383   -0.0310268605
  -0.0000146747    0.0000000000    0.0001117830
  -0.0002800139    0.0000000000   -0.0000270403
   0.0034646781    0.0000030793    0.0315068478
