   3    3
1 1
    18.557677726754026     0.000000000000000     0.000000000000000
     0.000000000000000    18.557677726743975     0.000000000000000
     0.000000000000000     0.000000000000000    27.149323948558234
1 2
    -9.278838863377015     0.000000000000000     0.000000000000000
     0.000000000000000    -9.278838863371989    -0.000000000000000
    -0.000000000000000    -0.000000000000000   -13.574661974279115
1 3
    -9.278838863377013     0.000000000000000    -0.000000000000000
     0.000000000000000    -9.278838863371988     0.000000000000000
    -0.000000000000000     0.000000000000000   -13.574661974279115
2 1
    -9.278838863377013     0.000000000000000    -0.000000000000000
     0.000000000000000    -9.278838863371989    -0.000000000000000
     0.000000000000000    -0.000000000000000   -13.574661974279115
2 2
     8.946360943751067     0.000000000000000    -0.000000000000000
     0.000000000000000     8.946360943746223     0.000000000000000
    -0.000000000000000     0.000000000000000    15.828703879663976
2 3
     0.332477919625946     0.000000000000000     0.000000000000000
     0.000000000000000     0.332477919625767     0.000000000000000
    -0.000000000000000     0.000000000000000    -2.254041905384862
3 1
    -9.278838863377013     0.000000000000000    -0.000000000000000
     0.000000000000000    -9.278838863371989     0.000000000000000
    -0.000000000000000     0.000000000000000   -13.574661974279115
3 2
     0.332477919625947     0.000000000000000    -0.000000000000000
     0.000000000000000     0.332477919625766     0.000000000000000
     0.000000000000000     0.000000000000000    -2.254041905384861
3 3
     8.946360943751067     0.000000000000000     0.000000000000000
     0.000000000000000     8.946360943746223    -0.000000000000000
     0.000000000000000    -0.000000000000000    15.828703879663978