   3    3
1 1
    -0.030321500452664     0.000000000000000    -0.000000000000000
     0.000000000000000    62.779901097342112     0.000000000000000
    -0.000000000000000    -0.000000000000000    41.946163208806475
1 2
     0.015160750226332     0.000000000000000     0.000000000000000
     0.000000000000000   -31.389950548671056    24.451943919773488
    -0.000000000000000    18.491413396892014   -20.973081604403241
1 3
     0.015160750226332     0.000000000000000     0.000000000000000
     0.000000000000000   -31.389950548671059   -24.451943919773484
     0.000000000000000   -18.491413396892014   -20.973081604403241
2 1
     0.015160750226332     0.000000000000000    -0.000000000000000
     0.000000000000000   -31.389950548671056    18.491413396892014
     0.000000000000000    24.451943919773488   -20.973081604403237
2 2
    -0.010818460996187     0.000000000000000     0.000000000000000
     0.000000000000000    34.156505578000335   -21.471678658332749
     0.000000000000000   -21.471678658332749    20.007107117128161
2 3
    -0.004342289230145     0.000000000000000     0.000000000000000
     0.000000000000000    -2.766555029329283     2.980265261440736
    -0.000000000000000    -2.980265261440737     0.965974487275076
3 1
     0.015160750226332     0.000000000000000     0.000000000000000
     0.000000000000000   -31.389950548671059   -18.491413396892010
     0.000000000000000   -24.451943919773488   -20.973081604403237
3 2
    -0.004342289230145     0.000000000000000    -0.000000000000000
     0.000000000000000    -2.766555029329286    -2.980265261440736
     0.000000000000000     2.980265261440736     0.965974487275076
3 3
    -0.010818460996187     0.000000000000000    -0.000000000000000
     0.000000000000000    34.156505578000342    21.471678658332749
    -0.000000000000000    21.471678658332749    20.007107117128161