3    
6    

1    
  0.0061104121032770   0.0061104121032770   0.0061104121032770
  -0.0023879698   -0.3719591070   -0.2506579535
  -0.0002859891    0.0765947646   -0.0200339676
   0.0026739589    0.2953643424    0.2706919211

1    
 -0.0061104121032792  -0.0061104121032792  -0.0061104121032770
  -0.0028794100    0.3953819194    0.2621176620
  -0.0001553765   -0.0810107188    0.0224057838
   0.0030347865   -0.3143712005   -0.2845234458

2    
  0.0074836958855775   0.0074836958855753   0.0000000000000000
   0.0019842490    0.2324493662   -0.1350026382
  -0.0022219296   -0.2528974341    0.1572677088
   0.0002376806    0.0204480679   -0.0222650707

2    
 -0.0074836958855764  -0.0074836958855798   0.0000000000000000
   0.0020631108   -0.2372307098    0.1417016567
  -0.0023098262    0.2582635606   -0.1640567665
   0.0002467154   -0.0210328509    0.0223551098

2    
 -0.0000000000000022  -0.0000000000000022   0.0105835442180597
   0.0000000000   -0.2648721227    0.2235370257
   0.0000000000    0.2330440127   -0.2133207555
   0.0000000000    0.0318281100   -0.0102162702

2    
 -0.0000000000000022  -0.0000000000000022  -0.0105835442180608
   0.0000000000    0.2527164875   -0.2201267747
   0.0000000000   -0.2214438733    0.2100338138
   0.0000000000   -0.0312726143    0.0100929608
