# Z-direction plane-averaged electrostatic potential
# iz   z(Angstrom)   V_avg(eV)
     0        0.00000000        3.06429622
     1        0.08081489        3.06430035
     2        0.16162978        3.06429692
     3        0.24244467        3.06429962
     4        0.32325956        3.06429768
     5        0.40407446        3.06429885
     6        0.48488935        3.06429846
     7        0.56570424        3.06429807
     8        0.64651913        3.06429924
     9        0.72733402        3.06429730
    10        0.80814891        3.06429999
    11        0.88896380        3.06429657
    12        0.96977869        3.06430069
    13        1.05059358        3.06429591
    14        1.13140848        3.06430131
    15        1.21222337        3.06429534
    16        1.29303826        3.06430182
    17        1.37385315        3.06429488
    18        1.45466804        3.06430221
    19        1.53548293        3.06429456
    20        1.61629782        3.06430247
    21        1.69711271        3.06429437
    22        1.77792760        3.06430259
    23        1.85874250        3.06429433
    24        1.93955739        3.06430255
    25        2.02037228        3.06429444
    26        2.10118717        3.06430237
    27        2.18200206        3.06429469
    28        2.26281695        3.06430204
    29        2.34363184        3.06429509
    30        2.42444673        3.06430159
    31        2.50526162        3.06429560
    32        2.58607652        3.06430101
    33        2.66689141        3.06429623
    34        2.74770630        3.06430034
    35        2.82852119        3.06429694
    36        2.90933608        3.06429960
    37        2.99015097        3.06429771
    38        3.07096586        3.06429881
    39        3.15178075        3.06429851
    40        3.23259564        3.06429800
    41        3.31341054        3.06429932
    42        3.39422543        3.06429720
    43        3.47504032        3.06430011
    44        3.55585521        3.06429643
    45        3.63667010        3.06430084
    46        3.71748499        3.06429573
    47        3.79829988        3.06430150
    48        3.87911477        3.06429513
    49        3.95992966        3.06430205
    50        4.04074456        3.06429464
    51        4.12155945        3.06430248
    52        4.20237434        3.06429428
    53        4.28318923        3.06430276
    54        4.36400412        3.06429407
    55        4.44481901        3.06430290
    56        4.52563390        3.06429402
    57        4.60644879        3.06430287
    58        4.68726368        3.06429413
    59        4.76807858        3.06430267
    60        4.84889347        3.06429440
    61        4.92970836        3.06430232
    62        5.01052325        3.06429483
    63        5.09133814        3.06430182
    64        5.17215303        3.06429540
    65        5.25296792        3.06430119
    66        5.33378281        3.06429609
    67        5.41459770        3.06430044
    68        5.49541260        3.06429688
    69        5.57622749        3.06429961
    70        5.65704238        3.06429775
    71        5.73785727        3.06429872
    72        5.81867216        3.06429866
    73        5.89948705        3.06429779
    74        5.98030194        3.06429959
    75        6.06111683        3.06429687
    76        6.14193172        3.06430049
    77        6.22274662        3.06429599
    78        6.30356151        3.06430134
    79        6.38437640        3.06429518
    80        6.46519129        3.06430210
    81        6.54600618        3.06429448
    82        6.62682107        3.06430275
    83        6.70763596        3.06429390
    84        6.78845085        3.06430325
    85        6.86926574        3.06429348
    86        6.95008064        3.06430358
    87        7.03089553        3.06429324
    88        7.11171042        3.06430373
    89        7.19252531        3.06429319
    90        7.27334020        3.06430368
    91        7.35415509        3.06429334
    92        7.43496998        3.06430343
    93        7.51578487        3.06429369
    94        7.59659976        3.06430298
    95        7.67741466        3.06429423
    96        7.75822955        3.06430235
    97        7.83904444        3.06429496
    98        7.91985933        3.06430154
    99        8.00067422        3.06429585
   100        8.08148911        3.06430058
   101        8.16230400        3.06429687
   102        8.24311889        3.06429949
   103        8.32393378        3.06429800
   104        8.40474868        3.06429833
   105        8.48556357        3.06429919
   106        8.56637846        3.06429712
   107        8.64719335        3.06430041
   108        8.72800824        3.06429591
   109        8.80882313        3.06430162
   110        8.88963802        3.06429484
   111        8.97045291        3.06430291
   112        9.05126780        3.06429394
   113        9.13208270        3.06430412
   114        9.21289759        3.06429323
   115        9.29371248        3.06430524
   116        9.37452737        3.06429276
   117        9.45534226        3.06430621
   118        9.53615715        3.06429257
   119        9.61697204        3.06430699
   120        9.69778693        3.06429270
   121        9.77860182        3.06430758
   122        9.85941672        3.06429318
   123        9.94023161        3.06430794
   124       10.02104650        3.06429405
   125       10.10186139        3.06430808
   126       10.18267628        3.06429532
   127       10.26349117        3.06430801
   128       10.34430606        3.06429701
   129       10.42512095        3.06430774
   130       10.50593584        3.06429912
   131       10.58675074        3.06430729
   132       10.66756563        3.06430164
   133       10.74838052        3.06430672
   134       10.82919541        3.06430454
   135       10.91001030        3.06430607
   136       10.99082519        3.06430780
   137       11.07164008        3.06430540
   138       11.15245497        3.06431137
   139       11.23326986        3.06430479
   140       11.31408476        3.06431518
   141       11.39489965        3.06430427
   142       11.47571454        3.06431856
   143       11.55652943        3.06430149
   144       11.63734432        3.06431572
   145       11.71815921        3.06428601
   146       11.79897410        3.06428848
   147       11.87978899        3.06422889
   148       11.96060388        3.06419420
   149       12.04141878        3.06407135
   150       12.12223367        3.06395187
   151       12.20304856        3.06370320
   152       12.28386345        3.06341501
   153       12.36467834        3.06293385
   154       12.44549323        3.06233456
   155       12.52630812        3.06143849
   156       12.60712301        3.06029125
   157       12.68793790        3.05868137
   158       12.76875280        3.05659900
   159       12.84956769        3.05378420
   160       12.93038258        3.05013897
   161       13.01119747        3.04532783
   162       13.09201236        3.03910716
   163       13.17282725        3.03101795
   164       13.25364214        3.02059475
   165       13.33445703        3.00717769
   166       13.41527192        2.98994351
   167       13.49608682        2.96789040
   168       13.57690171        2.93963616
   169       13.65771660        2.90360971
   170       13.73853149        2.85752937
   171       13.81934638        2.79887891
   172       13.90016127        2.72396910
   173       13.98097616        2.62876077
   174       14.06179105        2.50733522
   175       14.14260594        2.35324920
   176       14.22342084        2.15731366
   177       14.30423573        1.90928093
   178       14.38505062        1.59505003
   179       14.46586551        1.19984834
   180       14.54668040        0.70067566
   181       14.62749529        0.06890220
   182       14.70831018       -0.73548851
   183       14.78912507       -1.70914068
   184       14.86993996       -2.80512879
   185       14.95075486       -3.98058736
   186       15.03156975       -5.19057397
   187       15.11238464       -6.41547134
   188       15.19319953       -7.60346569
   189       15.27401442       -8.66762047
   190       15.35482931       -9.52255469
   191       15.43564420      -10.11628303
   192       15.51645909      -10.43092610
   193       15.59727398      -10.47686442
   194       15.67808888      -10.29696741
   195       15.75890377       -9.97215133
   196       15.83971866       -9.61421189
   197       15.92053355       -9.33185156
   198       16.00134844       -9.19550385
   199       16.08216333       -9.22674164
   200       16.16297822       -9.45811644
   201       16.24379311       -9.90631346
   202       16.32460800      -10.56586314
   203       16.40542290      -11.35503949
   204       16.48623779      -12.12587633
   205       16.56705268      -12.74059710
   206       16.64786757      -13.08725796
   207       16.72868246      -13.09719779
   208       16.80949735      -12.73933968
   209       16.89031224      -12.02238939
   210       16.97112713      -10.99239434
   211       17.05194202       -9.73204427
   212       17.13275692       -8.34275763
   213       17.21357181       -6.92618702
   214       17.29438670       -5.56136987
   215       17.37520159       -4.29849143
   216       17.45601648       -3.16434973
   217       17.53683137       -2.17645284
   218       17.61764626       -1.33890561
   219       17.69846115       -0.64402071
   220       17.77927604       -0.08296300
   221       17.86009094        0.35492967
   222       17.94090583        0.68370749
   223       18.02172072        0.91031322
   224       18.10253561        1.03345040
   225       18.18335050        1.04447334
   226       18.26416539        0.93471483
   227       18.34498028        0.68897840
   228       18.42579517        0.28641989
   229       18.50661006       -0.30661302
   230       18.58742496       -1.08608366
   231       18.66823985       -1.99918200
   232       18.74905474       -2.99731628
   233       18.82986963       -4.02935742
   234       18.91068452       -5.07191671
   235       18.99149941       -6.07500430
   236       19.07231430       -6.95120328
   237       19.15312919       -7.61286159
   238       19.23394408       -8.00498696
   239       19.31475898       -8.10696735
   240       19.39557387       -7.92120696
   241       19.47638876       -7.47450873
   242       19.55720365       -6.82676859
   243       19.63801854       -6.07362187
   244       19.71883343       -5.31293605
   245       19.79964832       -4.61030148
   246       19.88046321       -3.99987206
   247       19.96127810       -3.54587984
   248       20.04209300       -3.31234982
   249       20.12290789       -3.36101858
   250       20.20372278       -3.71483799
   251       20.28453767       -4.34050036
   252       20.36535256       -5.19879430
   253       20.44616745       -6.24601085
   254       20.52698234       -7.42952932
   255       20.60779723       -8.66814842
   256       20.68861212       -9.85679466
   257       20.76942702      -10.88008927
   258       20.85024191      -11.63699034
   259       20.93105680      -12.05642449
   260       21.01187169      -12.10870871
   261       21.09268658      -11.80258194
   262       21.17350147      -11.18833685
   263       21.25431636      -10.35457972
   264       21.33513125       -9.42419303
   265       21.41594614       -8.53418863
   266       21.49676104       -7.81968076
   267       21.57757593       -7.36406389
   268       21.65839082       -7.16163135
   269       21.73920571       -7.18714018
   270       21.82002060       -7.39829244
   271       21.90083549       -7.75780750
   272       21.98165038       -8.20946667
   273       22.06246527       -8.64919186
   274       22.14328016       -8.95830581
   275       22.22409506       -9.04343201
   276       22.30490995       -8.85828636
   277       22.38572484       -8.38722981
   278       22.46653973       -7.64172321
   279       22.54735462       -6.66033308
   280       22.62816951       -5.52178140
   281       22.70898440       -4.31675731
   282       22.78979929       -3.11347420
   283       22.87061418       -1.93413822
   284       22.95142908       -0.81594715
   285       23.03224397        0.19506285
   286       23.11305886        1.05239359
   287       23.19387375        1.73159873
   288       23.27468864        2.26726631
   289       23.35550353        2.69173688
   290       23.43631842        3.02960138
   291       23.51713331        3.29734194
   292       23.59794820        3.50909149
   293       23.67876310        3.67617270
   294       23.75957799        3.80796331
   295       23.84039288        3.91168796
   296       23.92120777        3.99329914
   297       24.00202266        4.05747080
   298       24.08283755        4.10784350
   299       24.16365244        4.14742067
   300       24.24446733        4.17839411
   301       24.32528222        4.20271357
   302       24.40609712        4.22165317
   303       24.48691201        4.23650666
   304       24.56772690        4.24798736
   305       24.64854179        4.25698057
   306       24.72935668        4.26385061
   307       24.81017157        4.26922608
   308       24.89098646        4.27326371
   309       24.97180135        4.27642539
   310       25.05261624        4.27874083
   311       25.13343114        4.28055914
   312       25.21424603        4.28184146
   313       25.29506092        4.28285846
   314       25.37587581        4.28353493
   315       25.45669070        4.28408243
   316       25.53750559        4.28441419
   317       25.61832048        4.28469562
   318       25.69913537        4.28484076
   319       25.77995026        4.28497615
   320       25.86076516        4.28502726
   321       25.94158005        4.28508743
   322       26.02239494        4.28509754
   323       26.10320983        4.28512109
   324       26.18402472        4.28511806
   325       26.26483961        4.28512546
   326       26.34565450        4.28512240
   327       26.42646939        4.28512212
   328       26.50728428        4.28512322
   329       26.58809918        4.28511823
   330       26.66891407        4.28512377
   331       26.74972896        4.28511482
   332       26.83054385        4.28512415
   333       26.91135874        4.28511194
   334       26.99217363        4.28512433
   335       27.07298852        4.28510959
   336       27.15380341        4.28512428
   337       27.23461831        4.28510776
   338       27.31543320        4.28512398
   339       27.39624809        4.28510644
   340       27.47706298        4.28512343
   341       27.55787787        4.28510559
   342       27.63869276        4.28512265
   343       27.71950765        4.28510519
   344       27.80032254        4.28512165
   345       27.88113743        4.28510518
   346       27.96195233        4.28512045
   347       28.04276722        4.28510552
   348       28.12358211        4.28511908
   349       28.20439700        4.28510614
   350       28.28521189        4.28511760
   351       28.36602678        4.28510700
   352       28.44684167        4.28511603
   353       28.52765656        4.28510802
   354       28.60847145        4.28511443
   355       28.68928635        4.28510915
   356       28.77010124        4.28511285
   357       28.85091613        4.28511036
   358       28.93173102        4.28511135
   359       29.01254591        4.28511165
   360       29.09336080        4.28511005
   361       29.17417569        4.25798374
   362       29.25499058        4.23085051
   363       29.33580547        4.20372652
   364       29.41662037        4.17659111
   365       29.49743526        4.14946915
   366       29.57825015        4.12233188
   367       29.65906504        4.09521160
   368       29.73987993        4.06807285
   369       29.82069482        4.04095384
   370       29.90150971        4.01381403
   371       29.98232460        3.98669586
   372       30.06313949        3.95955543
   373       30.14395439        3.93243767
   374       30.22476928        3.90529705
   375       30.30558417        3.87817926
   376       30.38639906        3.85103888
   377       30.46721395        3.82392064
   378       30.54802884        3.79678091
   379       30.62884373        3.76966184
   380       30.70965862        3.74252312
   381       30.79047351        3.71540287
   382       30.87128841        3.68826547
   383       30.95210330        3.66114376
   384       31.03291819        3.63400795
   385       31.11373308        3.60688454
   386       31.19454797        3.57975052
   387       31.27536286        3.55262526
   388       31.35617775        3.52549314
   389       31.43699264        3.49836594
   390       31.51780753        3.47123578
   391       31.59862243        3.44410662
   392       31.67943732        3.41697841
   393       31.76025221        3.38984733
   394       31.84106710        3.36272098
   395       31.92188199        3.33558811
   396       32.00269688        3.30846347
   397       32.08351177        3.28132898
   398       32.16432666        3.25420585
   399       32.24514155        3.22706998
   400       32.32595645        3.19994810
   401       32.40677134        3.17281112
   402       32.48758623        3.14569020
   403       32.56840112        3.11855242
   404       32.64921601        3.09143213
   405       32.73003090        3.06429388
   406       32.81084579        3.06430307
   407       32.89166068        3.06429385
   408       32.97247557        3.06430301
   409       33.05329047        3.06429400
   410       33.13410536        3.06430279
   411       33.21492025        3.06429430
   412       33.29573514        3.06430241
   413       33.37655003        3.06429475
   414       33.45736492        3.06430190
   415       33.53817981        3.06429532
   416       33.61899470        3.06430127
   417       33.69980959        3.06429600
   418       33.78062449        3.06430055
   419       33.86143938        3.06429676
   420       33.94225427        3.06429976
   421       34.02306916        3.06429757
   422       34.10388405        3.06429894
   423       34.18469894        3.06429840
   424       34.26551383        3.06429811
   425       34.34632872        3.06429922
   426       34.42714361        3.06429730
   427       34.50795851        3.06430001
   428       34.58877340        3.06429654
   429       34.66958829        3.06430073
   430       34.75040318        3.06429586
   431       34.83121807        3.06430136
   432       34.91203296        3.06429528
   433       34.99284785        3.06430188
   434       35.07366274        3.06429482
   435       35.15447763        3.06430228
   436       35.23529253        3.06429450
   437       35.31610742        3.06430253
   438       35.39692231        3.06429432
   439       35.47773720        3.06430264
   440       35.55855209        3.06429429
   441       35.63936698        3.06430259
   442       35.72018187        3.06429441
   443       35.80099676        3.06430239
   444       35.88181165        3.06429467
   445       35.96262655        3.06430206
   446       36.04344144        3.06429508
   447       36.12425633        3.06430159
   448       36.20507122        3.06429560
   449       36.28588611        3.06430102
