   2    2
1 1
    18.469636475769740     0.000000000343221     0.000000000242694
     0.000000000343221    18.469636475952765    -0.000000000242694
     0.000000000242694    -0.000000000242694    18.469636475737261
1 2
   -18.469636475769743    -0.000000000343221    -0.000000000242694
    -0.000000000343221   -18.469636475952765     0.000000000242694
    -0.000000000242694     0.000000000242694   -18.469636475737261
2 1
   -18.469636475769743    -0.000000000343221    -0.000000000242694
    -0.000000000343221   -18.469636475952765     0.000000000242694
    -0.000000000242694     0.000000000242694   -18.469636475737261
2 2
    18.469636475769743     0.000000000343221     0.000000000242694
     0.000000000343221    18.469636475952765    -0.000000000242694
     0.000000000242694    -0.000000000242694    18.469636475737264