2    
12   

1    
  0.0105835442180600   0.0000000000000000   0.0000000000000000
  -0.1972182791   -0.0028033110   -0.0019822402
   0.1972182791    0.0028033110    0.0019822402

1    
 -0.0105835442180600   0.0000000000000000   0.0000000000000000
   0.1972182851   -0.0028033110   -0.0019822402
  -0.1972182851    0.0028033110    0.0019822402

1    
 -0.0000000000000000   0.0105835442180600   0.0000000000000000
   0.0000000000   -0.1944218434   -0.0019652485
   0.0000000000    0.1944218434    0.0019652485

1    
  0.0000000000000000  -0.0105835442180600   0.0000000000000000
   0.0000000000    0.2000146186   -0.0020052610
   0.0000000000   -0.2000146186    0.0020052610

1    
 -0.0000000000000000  -0.0000000000000000   0.0105835442180600
   0.0000000000    0.0000000000   -0.1932742236
   0.0000000000    0.0000000000    0.1932742236

1    
  0.0000000000000000   0.0000000000000000  -0.0105835442180600
   0.0000000000    0.0000000000    0.2011898475
   0.0000000000    0.0000000000   -0.2011898475

2    
  0.0105835442180600   0.0000000000000000   0.0000000000000000
   0.1937204869   -0.0028113079   -0.0019878949
  -0.1937204869    0.0028113079    0.0019878949

2    
 -0.0105835442180600   0.0000000000000000   0.0000000000000000
  -0.1937204809   -0.0028113079   -0.0019878949
   0.1937204809    0.0028113079    0.0019878949

2    
 -0.0000000000000000   0.0105835442180598   0.0000000000000000
   0.0000000000    0.1965238872   -0.0020123565
   0.0000000000   -0.1965238872    0.0020123565

2    
  0.0000000000000002  -0.0105835442180599   0.0000000000000000
   0.0000000000   -0.1909180521   -0.0019697690
   0.0000000000    0.1909180521    0.0019697690

2    
  0.0000000000000000   0.0000000000000001   0.0105835442180599
   0.0000000000    0.0000000000    0.1977025980
   0.0000000000    0.0000000000   -0.1977025980

2    
  0.0000000000000004   0.0000000000000000  -0.0105835442180599
   0.0000000000    0.0000000000   -0.1897679696
   0.0000000000    0.0000000000    0.1897679696
