5    
3    

1    
  0.0105835442180604   0.0000000000000000   0.0000000000000000
  -0.0760694845    0.0000000000    0.0000000000
   0.0393249117    0.0000000000    0.0000000000
   0.0155056332    0.0000000000    0.0000000000
   0.0106194698    0.0000000000    0.0000000000
   0.0106194698    0.0000000000    0.0000000000

2    
  0.0105835442180600   0.0000000000000000   0.0000000000000000
   0.0393801411    0.0000000000    0.0000000000
   0.0069555024    0.0000000000    0.0000000000
  -0.0587999106    0.0000000000    0.0000000000
   0.0062321335    0.0000000000    0.0000000000
   0.0062321335    0.0000000000    0.0000000000

3    
  0.0074836958855781   0.0074836958855779   0.0000000000000000
   0.0109111318    0.0074676472    0.0000000000
  -0.0417107848    0.0043881306    0.0000000000
  -0.0396475541   -0.0427130864    0.0000000000
   0.0352248426    0.0352156430    0.0000000000
   0.0352223645   -0.0043583344    0.0000000000
