   5    5
1 1
     7.184936118887351     0.000000000000000    -0.000000000000000
    -0.000000000000000     7.184936118887351     0.000000000000000
    -0.000000000000000     0.000000000000000     7.184936118887351
1 2
    -3.722366238733447     0.000000000000000    -0.000000000000000
    -0.000000000000000    -3.722366238733448     0.000000000000000
     0.000000000000000    -0.000000000000000    -3.722366238733448
1 3
    -1.460550443336982    -0.000000000000000     0.000000000000000
    -0.000000000000000    -1.001009718408461     0.000000000000000
     0.000000000000000    -0.000000000000000    -1.001009718408461
1 4
    -1.001009718408461     0.000000000000000    -0.000000000000000
     0.000000000000000    -1.460550443336982    -0.000000000000000
     0.000000000000000    -0.000000000000000    -1.001009718408461
1 5
    -1.001009718408461     0.000000000000000    -0.000000000000000
    -0.000000000000000    -1.001009718408461     0.000000000000000
    -0.000000000000000     0.000000000000000    -1.460550443336982
2 1
    -3.722366238733448    -0.000000000000000     0.000000000000000
     0.000000000000000    -3.722366238733447    -0.000000000000000
    -0.000000000000000     0.000000000000000    -3.722366238733446
2 2
    -0.662793997979737    -0.000000000000000     0.000000000000000
    -0.000000000000000    -0.662793997979737     0.000000000000000
     0.000000000000000    -0.000000000000000    -0.662793997979737
2 3
     5.564145493435519     0.000000000000000    -0.000000000000000
     0.000000000000000    -0.589492628361167    -0.000000000000000
    -0.000000000000000     0.000000000000000    -0.589492628361167
2 4
    -0.589492628361167    -0.000000000000000     0.000000000000000
    -0.000000000000000     5.564145493435518     0.000000000000000
    -0.000000000000000     0.000000000000000    -0.589492628361167
2 5
    -0.589492628361167    -0.000000000000000     0.000000000000000
     0.000000000000000    -0.589492628361167    -0.000000000000000
     0.000000000000000    -0.000000000000000     5.564145493435517
3 1
    -1.460550443336981    -0.000000000000000     0.000000000000000
    -0.000000000000000    -1.001009718408461    -0.000000000000000
     0.000000000000000     0.000000000000000    -1.001009718408461
3 2
     5.564145493435518     0.000000000000000    -0.000000000000000
     0.000000000000000    -0.589492628361167     0.000000000000000
    -0.000000000000000    -0.000000000000000    -0.589492628361167
3 3
     5.302402136900955     0.000000000000000    -0.000000000000000
     0.000000000000000     5.709304626959446    -0.000000000000000
    -0.000000000000000     0.000000000000000     5.709304626959447
3 4
    -4.702998593499745     0.000000000000000    -0.000000000000000
     0.000000000000000    -4.702998593499745     0.000000000000000
    -0.000000000000000     0.000000000000000     0.584196313309928
3 5
    -4.702998593499746     0.000000000000000    -0.000000000000000
     0.000000000000000     0.584196313309928    -0.000000000000000
     0.000000000000000    -0.000000000000000    -4.702998593499746
4 1
    -1.001009718408461     0.000000000000000     0.000000000000000
     0.000000000000000    -1.460550443336982    -0.000000000000000
    -0.000000000000000    -0.000000000000000    -1.001009718408461
4 2
    -0.589492628361167    -0.000000000000000    -0.000000000000000
    -0.000000000000000     5.564145493435518     0.000000000000000
     0.000000000000000     0.000000000000000    -0.589492628361167
4 3
    -4.702998593499745     0.000000000000000    -0.000000000000000
    -0.000000000000000    -4.702998593499747     0.000000000000000
    -0.000000000000000     0.000000000000000     0.584196313309928
4 4
     5.709304626959446    -0.000000000000000    -0.000000000000000
    -0.000000000000000     5.302402136900954     0.000000000000000
    -0.000000000000000     0.000000000000000     5.709304626959446
4 5
     0.584196313309928    -0.000000000000000     0.000000000000000
    -0.000000000000000    -4.702998593499745     0.000000000000000
     0.000000000000000    -0.000000000000000    -4.702998593499745
5 1
    -1.001009718408461    -0.000000000000000    -0.000000000000000
     0.000000000000000    -1.001009718408461     0.000000000000000
    -0.000000000000000     0.000000000000000    -1.460550443336981
5 2
    -0.589492628361167     0.000000000000000     0.000000000000000
    -0.000000000000000    -0.589492628361167    -0.000000000000000
     0.000000000000000    -0.000000000000000     5.564145493435518
5 3
    -4.702998593499746     0.000000000000000    -0.000000000000000
     0.000000000000000     0.584196313309928    -0.000000000000000
     0.000000000000000    -0.000000000000000    -4.702998593499746
5 4
     0.584196313309928    -0.000000000000000     0.000000000000000
    -0.000000000000000    -4.702998593499746    -0.000000000000000
     0.000000000000000    -0.000000000000000    -4.702998593499745
5 5
     5.709304626959446    -0.000000000000000     0.000000000000000
     0.000000000000000     5.709304626959447    -0.000000000000000
     0.000000000000000    -0.000000000000000     5.302402136900955