5    
3    

1    
  0.0200000000000000   0.0000000000000000   0.0000000000000000
  -0.5328929608   -0.0000000099   -0.0000000099
   0.1339675595    0.0929811136    0.0929811136
   0.1339675252   -0.0929810915   -0.0929810915
   0.1324789380   -0.0890967585    0.0890967465
   0.1324789380    0.0890967465   -0.0890967585

2    
  0.0200000000000000   0.0000000000000000   0.0000000000000000
   0.1325714667    0.0890673972    0.0890673972
  -0.1418005175   -0.0974813511   -0.0974813511
  -0.0117955573   -0.0112383085   -0.0112383085
   0.0105123040    0.0113050450    0.0083472175
   0.0105123040    0.0083472175    0.0113050450

2    
 -0.0200000000000000   0.0000000000000000   0.0000000000000000
  -0.1338812936   -0.0930045738   -0.0930045738
   0.1430852224    0.1014339987    0.1014339987
   0.0119111027    0.0115048090    0.0115048090
  -0.0105575157   -0.0114397680   -0.0084944659
  -0.0105575157   -0.0084944659   -0.0114397680
