3    
12   

1    
  0.0105835442180598  -0.0000000000000005   0.0000000000000000
  -0.1954012221    0.0009986714    0.0000000000
   0.0977006110   -0.0004993357   -0.0001727800
   0.0977006110   -0.0004993357    0.0001727800

1    
 -0.0105835442180600  -0.0000000000000003   0.0000000000000000
   0.1954012222    0.0009986715    0.0000000000
  -0.0977006111   -0.0004993357   -0.0001727794
  -0.0977006111   -0.0004993357    0.0001727794

1    
 -0.0000000000000002   0.0105835442180598   0.0000000000000000
   0.0000000000   -0.1964149551    0.0000000000
   0.0000000000    0.0982074776   -0.0001744006
   0.0000000000    0.0982074776    0.0001744006

1    
 -0.0000000000000001  -0.0105835442180605   0.0000000000000000
   0.0000000000    0.1944403261    0.0000000000
   0.0000000000   -0.0972201630   -0.0001770006
   0.0000000000   -0.0972201630    0.0001770006

1    
 -0.0000000000000002  -0.0000000000000003   0.0105835442180602
   0.0000000000    0.0000000000   -0.2880127057
   0.0000000000    0.0000000000    0.1436652424
   0.0000000000    0.0000000000    0.1443474632

1    
 -0.0000000000000002  -0.0000000000000003  -0.0105835442180597
   0.0000000000    0.0000000000    0.2874149418
   0.0000000000    0.0000000000   -0.1441411260
   0.0000000000    0.0000000000   -0.1432738159

2    
  0.0105835442180598  -0.0000000000000002   0.0000000000000000
   0.0991935411    0.0000246480    0.0001804881
  -0.0951787987    0.0003066689   -0.0007404996
  -0.0040147424   -0.0003313168    0.0005600115

2    
 -0.0105835442180603  -0.0000000000000002   0.0000000000000000
  -0.0991935411    0.0000246480    0.0001804882
   0.0951787987    0.0003066689   -0.0007405010
   0.0040147424   -0.0003313168    0.0005600129

2    
 -0.0000000000000001   0.0105835442180599   0.0000000000000000
   0.0000000000    0.0991504049    0.0001768697
   0.0000000000   -0.0954488944   -0.0007317100
   0.0000000000   -0.0037015104    0.0005548403

2    
 -0.0000000000000004  -0.0105835442180601   0.0000000000000000
   0.0000000000   -0.0992408043    0.0001944959
   0.0000000000    0.0949134776   -0.0007670583
   0.0000000000    0.0043273267    0.0005725623

2    
 -0.0000000000000003   0.0000000000000002   0.0105835442180600
   0.0000000000    0.0000000000    0.1440645218
   0.0000000000    0.0000000000   -0.1696020832
   0.0000000000    0.0000000000    0.0255375614

2    
 -0.0000000000000003   0.0000000000000002  -0.0105835442180597
   0.0000000000    0.0000000000   -0.1425160422
   0.0000000000    0.0000000000    0.1650677384
   0.0000000000    0.0000000000   -0.0225516962
