40   
3    

1    
  0.0200000000000000   0.0000000000000000   0.0000000000000000
  -0.0993776315    0.0000000000    0.0000000000
   0.0257704344    0.0000000000    0.0000000000
  -0.0058811829    0.0000000000    0.0000000000
   0.0047848049    0.0000000000    0.0000000000
  -0.0058811829    0.0000000000    0.0000000000
   0.0047848049    0.0000000000    0.0000000000
  -0.0023703157    0.0000000000    0.0000000000
   0.0020679032    0.0000000000    0.0000000000
   0.0049481057    0.0136937089    0.0136937089
   0.0049013134   -0.0138332083   -0.0138332083
   0.0049481057   -0.0136937089    0.0136937089
   0.0049013134    0.0138332083   -0.0138332083
   0.0049481057    0.0136937089   -0.0136937089
   0.0049013134   -0.0138332083    0.0138332083
   0.0049481057   -0.0136937089   -0.0136937089
   0.0049013134    0.0138332083    0.0138332083
   0.0104089018   -0.0000090483   -0.0000090483
  -0.0065442826    0.0000044255    0.0000044255
   0.0104089018    0.0000090483   -0.0000090483
  -0.0065442826   -0.0000044255    0.0000044255
   0.0104089018   -0.0000090483    0.0000090483
  -0.0065442826    0.0000044255   -0.0000044255
   0.0104089018    0.0000090483    0.0000090483
  -0.0065442826   -0.0000044255   -0.0000044255
   0.0023508589    0.0000000000   -0.0001813520
   0.0026287427    0.0000000000   -0.0000666766
   0.0001596425    0.0000000000   -0.0011969857
   0.0001723090    0.0000000000    0.0011939948
   0.0023508589    0.0000000000    0.0001813520
   0.0026287427    0.0000000000    0.0000666766
   0.0001596425    0.0000000000    0.0011969857
   0.0001723090    0.0000000000   -0.0011939948
   0.0023508589   -0.0001813520    0.0000000000
   0.0026287427   -0.0000666766    0.0000000000
   0.0023508589    0.0001813520    0.0000000000
   0.0026287427    0.0000666766    0.0000000000
   0.0001596425   -0.0011969857    0.0000000000
   0.0001723090    0.0011939948    0.0000000000
   0.0001596425    0.0011969857    0.0000000000
   0.0001723090   -0.0011939948    0.0000000000

9    
  0.0200000000000000   0.0000000000000000   0.0000000000000000
   0.0049062063    0.0138170876    0.0138170876
   0.0049344882   -0.0136379293   -0.0136379293
   0.0049062063   -0.0138170876    0.0138170876
   0.0049344882    0.0136379293   -0.0136379293
   0.0049062063    0.0138170876   -0.0138170876
   0.0049344882   -0.0136379293    0.0136379293
   0.0049062063   -0.0138170876   -0.0138170876
   0.0049344882    0.0136379293    0.0136379293
  -0.1488390394   -0.0000000000   -0.0000000000
   0.1546490944   -0.0000000000   -0.0000000000
  -0.0028443470   -0.0000000000   -0.0000000000
   0.0033046435   -0.0000000000   -0.0000000000
  -0.0028443470   -0.0000000000   -0.0000000000
   0.0033046435   -0.0000000000   -0.0000000000
  -0.0055503378   -0.0000000000   -0.0000000000
   0.0058591461   -0.0000000000   -0.0000000000
  -0.0267017376   -0.0000000000   -0.0000000000
  -0.0311281605   -0.0000000000   -0.0000000000
  -0.0002049851   -0.0000000000   -0.0000000000
  -0.0003347030   -0.0000000000   -0.0000000000
  -0.0002049851   -0.0000000000   -0.0000000000
  -0.0003347030   -0.0000000000   -0.0000000000
   0.0000282839   -0.0000000000   -0.0000000000
   0.0000122792   -0.0000000000   -0.0000000000
   0.0183231420   -0.0001759773   -0.0000000000
  -0.0152338722    0.0000297820   -0.0000000000
   0.0183231420    0.0001759773   -0.0000000000
  -0.0152338722   -0.0000297820   -0.0000000000
   0.0024550244    0.0000006934   -0.0000000000
  -0.0024276751   -0.0000406330   -0.0000000000
   0.0024550244   -0.0000006934   -0.0000000000
  -0.0024276751    0.0000406330   -0.0000000000
   0.0183231420   -0.0000000000   -0.0001759773
  -0.0152338722   -0.0000000000    0.0000297820
   0.0024550244   -0.0000000000    0.0000006934
  -0.0024276751   -0.0000000000   -0.0000406330
   0.0183231420   -0.0000000000    0.0001759773
  -0.0152338722   -0.0000000000   -0.0000297820
   0.0024550244   -0.0000000000   -0.0000006934
  -0.0024276751   -0.0000000000    0.0000406330

17   
  0.0141421356237309   0.0141421356237309   0.0000000000000000
   0.0073553641    0.0018577604    0.0000727163
  -0.0046258324    0.0001113624   -0.0008486003
   0.0073335549    0.0016541112    0.0001359188
  -0.0046119457    0.0001153451    0.0008228650
   0.0073553641    0.0018577604   -0.0000727163
  -0.0046258324    0.0001113624    0.0008486003
   0.0073335549    0.0016541112   -0.0001359188
  -0.0046119457    0.0001153451   -0.0008228650
  -0.0215636360    0.0129460854    0.0000000000
  -0.0193826238    0.0128061833    0.0000000000
  -0.0001997470   -0.0105950450    0.0000000000
  -0.0001842991   -0.0108095972    0.0000000000
  -0.0001994403    0.0017443483    0.0000000000
  -0.0001843652    0.0017430416    0.0000000000
  -0.0000109758   -0.0017290419    0.0000000000
   0.0000381513   -0.0017239597    0.0000000000
  -0.0933959738   -0.0531655068    0.0000000000
   0.0514889827    0.0012484906    0.0000000000
  -0.0083600386    0.0031202384    0.0000000000
   0.0094684084    0.0031940989    0.0000000000
  -0.0083599244   -0.0018145440    0.0000000000
   0.0094679861   -0.0003412839    0.0000000000
  -0.0018731430    0.0045340405    0.0000000000
   0.0019077844    0.0005041914    0.0000000000
   0.0001601647   -0.0092574052    0.0000000000
   0.0177753515    0.0271667738    0.0000000000
   0.0174897470    0.0266898252    0.0000000000
   0.0000087478   -0.0091629167    0.0000000000
  -0.0007905999   -0.0019660463    0.0000000000
   0.0006863534    0.0018713975    0.0000000000
   0.0007026805    0.0018576716    0.0000000000
  -0.0008106430   -0.0019768147    0.0000000000
   0.0088863154   -0.0024241022   -0.0180136413
   0.0088291717   -0.0024689444    0.0181233857
  -0.0000418716    0.0013517268   -0.0019016017
  -0.0000642302    0.0013606282    0.0019344344
   0.0088863154   -0.0024241022    0.0180136413
   0.0088291717   -0.0024689444   -0.0181233857
  -0.0000418716    0.0013517268    0.0019016017
  -0.0000642302    0.0013606282   -0.0019344344
