   5    5
1 1
    50.351323827421282    -0.000000000000000     0.000000000000000
    -0.000000000000000    50.351323827421282     0.000000000000000
     0.000000000000000     0.000000000000000    50.351323827421290
1 2
   -12.587830956855321    -8.601781463528042    -8.601781463528043
    -8.601781463528042   -12.587830956855321    -8.601781463528042
    -8.601781463528043    -8.601781463528042   -12.587830956855324
1 3
   -12.587830956855321     8.601781463528042     8.601781463528043
     8.601781463528042   -12.587830956855321    -8.601781463528042
     8.601781463528043    -8.601781463528042   -12.587830956855324
1 4
   -12.587830956855321     8.601781463528042    -8.601781463528043
     8.601781463528042   -12.587830956855321     8.601781463528042
    -8.601781463528043     8.601781463528042   -12.587830956855322
1 5
   -12.587830956855321    -8.601781463528042     8.601781463528043
    -8.601781463528042   -12.587830956855321     8.601781463528042
     8.601781463528043     8.601781463528042   -12.587830956855322
2 1
   -12.587830956855317    -8.601781463528042    -8.601781463528043
    -8.601781463528042   -12.587830956855317    -8.601781463528042
    -8.601781463528043    -8.601781463528042   -12.587830956855319
2 2
    13.458840783909826     9.397411751123972     9.397411751123974
     9.397411751123972    13.458840783909826     9.397411751123972
     9.397411751123974     9.397411751123972    13.458840783909828
2 3
     1.119917847568430     1.074496666620267     1.074496666620267
    -1.074496666620267    -0.995463837311467    -0.795630287595930
    -1.074496666620267    -0.795630287595930    -0.995463837311466
2 4
    -0.995463837311467    -1.074496666620267    -0.795630287595929
     1.074496666620266     1.119917847568430     1.074496666620267
    -0.795630287595929    -1.074496666620267    -0.995463837311467
2 5
    -0.995463837311468    -0.795630287595930    -1.074496666620267
    -0.795630287595930    -0.995463837311467    -1.074496666620267
     1.074496666620267     1.074496666620267     1.119917847568431
3 1
   -12.587830956855319     8.601781463528042     8.601781463528043
     8.601781463528042   -12.587830956855319    -8.601781463528042
     8.601781463528043    -8.601781463528042   -12.587830956855322
3 2
     1.119917847568431    -1.074496666620267    -1.074496666620267
     1.074496666620267    -0.995463837311466    -0.795630287595929
     1.074496666620267    -0.795630287595929    -0.995463837311466
3 3
    13.458840783909826    -9.397411751123972    -9.397411751123974
    -9.397411751123972    13.458840783909825     9.397411751123970
    -9.397411751123972     9.397411751123970    13.458840783909826
3 4
    -0.995463837311467     0.795630287595930     1.074496666620267
     0.795630287595930    -0.995463837311467    -1.074496666620267
    -1.074496666620266     1.074496666620267     1.119917847568431
3 5
    -0.995463837311467     1.074496666620267     0.795630287595929
    -1.074496666620266     1.119917847568431     1.074496666620267
     0.795630287595929    -1.074496666620267    -0.995463837311466
4 1
   -12.587830956855319     8.601781463528042    -8.601781463528043
     8.601781463528042   -12.587830956855319     8.601781463528042
    -8.601781463528043     8.601781463528042   -12.587830956855321
4 2
    -0.995463837311467     1.074496666620267    -0.795630287595929
    -1.074496666620267     1.119917847568431    -1.074496666620266
    -0.795630287595928     1.074496666620267    -0.995463837311466
4 3
    -0.995463837311467     0.795630287595929    -1.074496666620268
     0.795630287595930    -0.995463837311466     1.074496666620267
     1.074496666620267    -1.074496666620266     1.119917847568431
4 4
    13.458840783909826    -9.397411751123970     9.397411751123972
    -9.397411751123970    13.458840783909825    -9.397411751123972
     9.397411751123972    -9.397411751123972    13.458840783909825
4 5
     1.119917847568431    -1.074496666620267     1.074496666620267
     1.074496666620267    -0.995463837311467     0.795630287595930
    -1.074496666620267     0.795630287595930    -0.995463837311466
5 1
   -12.587830956855317    -8.601781463528042     8.601781463528043
    -8.601781463528042   -12.587830956855317     8.601781463528042
     8.601781463528043     8.601781463528042   -12.587830956855319
5 2
    -0.995463837311468    -0.795630287595929     1.074496666620267
    -0.795630287595929    -0.995463837311467     1.074496666620267
    -1.074496666620267    -1.074496666620267     1.119917847568431
5 3
    -0.995463837311468    -1.074496666620267     0.795630287595929
     1.074496666620267     1.119917847568430    -1.074496666620267
     0.795630287595929     1.074496666620267    -0.995463837311466
5 4
     1.119917847568430     1.074496666620267    -1.074496666620267
    -1.074496666620267    -0.995463837311467     0.795630287595929
     1.074496666620267     0.795630287595929    -0.995463837311466
5 5
    13.458840783909825     9.397411751123970    -9.397411751123972
     9.397411751123970    13.458840783909823    -9.397411751123970
    -9.397411751123972    -9.397411751123970    13.458840783909825