5    
12   

1    
  0.0105835442180597   0.0000000000000000   0.0000000000000000
  -0.5328929154    0.0000000000    0.0000000000
   0.1339886397    0.0930022032    0.0930022032
   0.1339886397   -0.0930022032   -0.0930022032
   0.1324578180   -0.0890756377    0.0890756377
   0.1324578180    0.0890756377   -0.0890756377

1    
 -0.0105835442180586   0.0000000000000000   0.0000000000000000
   0.5328929155    0.0000000000    0.0000000000
  -0.1324578181   -0.0890756377   -0.0890756377
  -0.1324578181    0.0890756377    0.0890756377
  -0.1339886397    0.0930022032   -0.0930022032
  -0.1339886397   -0.0930022032    0.0930022032

1    
  0.0000000000000000   0.0105835442180597   0.0000000000000000
   0.0000000000   -0.5328929155    0.0000000000
   0.0930022032    0.1339886397    0.0930022032
  -0.0890756377    0.1324578180    0.0890756377
  -0.0930022032    0.1339886397   -0.0930022032
   0.0890756377    0.1324578180   -0.0890756377

1    
  0.0000000000000000  -0.0105835442180586   0.0000000000000000
   0.0000000000    0.5328929155    0.0000000000
  -0.0890756377   -0.1324578180   -0.0890756377
   0.0930022033   -0.1339886397   -0.0930022033
   0.0890756377   -0.1324578180    0.0890756377
  -0.0930022033   -0.1339886397    0.0930022033

1    
  0.0000000000000000   0.0000000000000000   0.0105835442180597
   0.0000000000    0.0000000000   -0.5328929155
   0.0930022032    0.0930022032    0.1339886397
  -0.0890756377    0.0890756377    0.1324578180
   0.0890756377   -0.0890756377    0.1324578180
  -0.0930022032   -0.0930022032    0.1339886397

1    
  0.0000000000000000   0.0000000000000000  -0.0105835442180586
   0.0000000000    0.0000000000    0.5328929155
  -0.0890756377   -0.0890756377   -0.1324578180
   0.0930022033   -0.0930022033   -0.1339886397
  -0.0930022033    0.0930022033   -0.1339886397
   0.0890756377    0.0890756377   -0.1324578180

2    
  0.0105835442180597   0.0000000000000000   0.0000000000000000
   0.1325715521    0.0890674549    0.0890674549
  -0.1417794438   -0.0974602745   -0.0974602745
  -0.0117744516   -0.0112594298   -0.0112594298
   0.0104911716    0.0113261577    0.0083260916
   0.0104911716    0.0083260916    0.0113261577

2    
 -0.0105835442180597   0.0000000000000000   0.0000000000000000
  -0.1338812723   -0.0930045360   -0.0930045360
   0.1431063025    0.1014550771    0.1014550771
   0.0119322217    0.0114836912    0.0114836912
  -0.0105786259   -0.0114186536   -0.0085155787
  -0.0105786259   -0.0085155787   -0.0114186536

2    
  0.0000000000000000   0.0105835442180597   0.0000000000000000
   0.0890674548    0.1325715521    0.0890674548
  -0.0974602746   -0.1417794439   -0.0974602746
   0.0113261576    0.0104911718    0.0083260918
  -0.0112594296   -0.0117744517   -0.0112594296
   0.0083260918    0.0104911718    0.0113261576

2    
  0.0000000000000000  -0.0105835442180597   0.0000000000000000
  -0.0930045360   -0.1338812724   -0.0930045360
   0.1014550772    0.1431063027    0.1014550772
  -0.0114186534   -0.0105786261   -0.0085155789
   0.0114836911    0.0119322219    0.0114836911
  -0.0085155789   -0.0105786261   -0.0114186534

2    
  0.0000000000000000   0.0000000000000000   0.0105835442180597
   0.0890674548    0.0890674548    0.1325715521
  -0.0974602746   -0.0974602746   -0.1417794439
   0.0113261576    0.0083260918    0.0104911718
   0.0083260918    0.0113261576    0.0104911718
  -0.0112594296   -0.0112594296   -0.0117744517

2    
  0.0000000000000000   0.0000000000000000  -0.0105835442180597
  -0.0930045360   -0.0930045360   -0.1338812724
   0.1014550772    0.1014550772    0.1431063026
  -0.0114186535   -0.0085155788   -0.0105786260
  -0.0085155788   -0.0114186535   -0.0105786260
   0.0114836911    0.0114836911    0.0119322218
