   3    3
1 1
    -0.008624369882089     0.000000000000000     0.000000000000000
     0.000000000000000    62.778417287303391    -0.000000000000000
     0.000000000000000    -0.000000000000000    41.927386093352659
1 2
     0.004312184941045     0.000000000000000     0.000000000000000
     0.000000000000000   -31.389208643651695    24.457785084410141
     0.000000000000000    18.495901535136863   -20.963693046676330
1 3
     0.004312184941045     0.000000000000000     0.000000000000000
     0.000000000000000   -31.389208643651695   -24.457785084410141
     0.000000000000000   -18.495901535136863   -20.963693046676330
2 1
     0.004312184941045     0.000000000000000     0.000000000000000
     0.000000000000000   -31.389208643651699    18.495901535136859
     0.000000000000000    24.457785084410141   -20.963693046676330
2 2
    -0.000635581036126     0.000000000000000     0.000000000000000
     0.000000000000000    34.161086636087099   -21.476843309773500
     0.000000000000000   -21.476843309773500    20.002412835902547
2 3
    -0.003676603904919     0.000000000000000     0.000000000000000
     0.000000000000000    -2.771877992435403     2.980941774636636
     0.000000000000000    -2.980941774636638     0.961280210773781
3 1
     0.004312184941045     0.000000000000000     0.000000000000000
     0.000000000000000   -31.389208643651695   -18.495901535136863
     0.000000000000000   -24.457785084410141   -20.963693046676330
3 2
    -0.003676603904919     0.000000000000000     0.000000000000000
     0.000000000000000    -2.771877992435403    -2.980941774636638
     0.000000000000000     2.980941774636639     0.961280210773781
3 3
    -0.000635581036126     0.000000000000000     0.000000000000000
     0.000000000000000    34.161086636087099    21.476843309773500
     0.000000000000000    21.476843309773500    20.002412835902550