3    
12   

1    
  0.0105835442180597  -0.0000000000000022   0.0000000000000000
   0.0001726944    0.0000000000   -0.0039867899
  -0.0000863472   -0.0017420260    0.0019933949
  -0.0000863472    0.0017420260    0.0019933949

1    
 -0.0105835442180608  -0.0000000000000022   0.0000000000000000
  -0.0001726946    0.0000000000   -0.0039867897
   0.0000863473   -0.0017420259    0.0019933949
   0.0000863473    0.0017420259    0.0019933949

1    
 -0.0000000000000022   0.0105835442180597   0.0000000000000000
   0.0000000000   -0.6644162850    0.0175325251
   0.0000000000    0.3392873172   -0.2676709054
   0.0000000000    0.3251289678    0.2501383804

1    
 -0.0000000000000022  -0.0105835442180608   0.0000000000000000
   0.0000000000    0.6644162850    0.0175325251
   0.0000000000   -0.3251289678    0.2501383804
   0.0000000000   -0.3392873172   -0.2676709054

1    
 -0.0000000000000022  -0.0000000000000022   0.0105835442180597
   0.0000000000    0.0000000000   -0.4401707329
   0.0000000000   -0.1901017978    0.2200853665
   0.0000000000    0.1901017978    0.2200853665

1    
 -0.0000000000000022  -0.0000000000000022  -0.0105835442180597
   0.0000000000    0.0000000000    0.4473865007
   0.0000000000    0.2013100203   -0.2236932503
   0.0000000000   -0.2013100203   -0.2236932503

2    
  0.0105835442180597  -0.0000000000000022   0.0000000000000000
   0.0000357798    0.0023047897   -0.0016665798
  -0.0000339823   -0.0022662807    0.0017306448
  -0.0000017975   -0.0000385090   -0.0000640650

2    
 -0.0105835442180608  -0.0000000000000022   0.0000000000000000
  -0.0000357800    0.0023047895   -0.0016665793
   0.0000339824   -0.0022662811    0.0017306446
   0.0000017976   -0.0000385084   -0.0000640653

2    
 -0.0000000000000022   0.0105835442180575   0.0000000000000000
   0.0000000000    0.3251287926   -0.1874379863
   0.0000000000   -0.3539175551    0.2188366574
   0.0000000000    0.0287887625   -0.0313986711

2    
 -0.0000000000000022  -0.0105835442180619   0.0000000000000000
   0.0000000000   -0.3392931033    0.2041671814
   0.0000000000    0.3691750571   -0.2358740247
   0.0000000000   -0.0298819538    0.0317068433

2    
 -0.0000000000000022  -0.0000000000000022   0.0105835442180597
   0.0000000000   -0.2648721227    0.2235370257
   0.0000000000    0.2330440127   -0.2133207555
   0.0000000000    0.0318281100   -0.0102162702

2    
 -0.0000000000000022  -0.0000000000000022  -0.0105835442180608
   0.0000000000    0.2527164876   -0.2201267747
   0.0000000000   -0.2214438733    0.2100338138
   0.0000000000   -0.0312726143    0.0100929609
