   5    5
1 1
     4.793675036487933     0.000000000067438     0.000000000000000
     0.000000000067438     4.793675036355715    -0.000000000000000
     0.000000000000000    -0.000000000000000     9.001931347415058
1 2
     0.171425070830409     0.000000000002412     0.000000000000000
     0.000000000002412     0.171425070825681     0.000000000000000
    -0.000000000000000     0.000000000000000    -0.762194771315194
1 3
    -3.760547769519631    -0.000000000052904    -0.000000000000000
    -0.000000000052904    -3.760547769415912     0.000000000000000
     0.000000000000000     0.000000000000000    -5.377571586033500
1 4
    -1.368354771706062    -0.000000000019250    -0.000000000000000
    -0.000000000019250    -1.368354771668320    -0.000000000000000
    -0.000000000000000    -0.000000000000000    -2.757084809272888
1 5
     0.163802433907352     0.000000000002304     0.000000000000000
     0.000000000002304     0.163802433902835    -0.000000000000000
    -0.000000000000000    -0.000000000000000    -0.105080180793476
2 1
     0.171425070830409     0.000000000002412    -0.000000000000000
     0.000000000002412     0.171425070825681     0.000000000000000
     0.000000000000000     0.000000000000000    -0.762194771315194
2 2
     4.623937140909987     0.000000000065050    -0.000000000000000
     0.000000000065050     4.623937140782454    -0.000000000000000
    -0.000000000000000    -0.000000000000000    14.386220093327211
2 3
    -0.120305173838418    -0.000000000001692     0.000000000000000
    -0.000000000001692    -0.120305173835100     0.000000000000000
    -0.000000000000000     0.000000000000000     0.091377259805065
2 4
    -0.025759776982748    -0.000000000000362     0.000000000000000
    -0.000000000000362    -0.025759776982037     0.000000000000000
     0.000000000000000     0.000000000000000    -7.792661429205836
2 5
    -4.649297260919231    -0.000000000065407    -0.000000000000000
    -0.000000000065407    -4.649297260790997     0.000000000000000
    -0.000000000000000     0.000000000000000    -5.922741152611247
3 1
    -3.760547769519632    -0.000000000052904     0.000000000000000
    -0.000000000052904    -3.760547769415911     0.000000000000000
    -0.000000000000000     0.000000000000000    -5.377571586033500
3 2
    -0.120305173838418    -0.000000000001692    -0.000000000000000
    -0.000000000001692    -0.120305173835100     0.000000000000000
     0.000000000000000     0.000000000000000     0.091377259805065
3 3
     3.894647519139503     0.000000000054790     0.000000000000000
     0.000000000054790     3.894647519032085    -0.000000000000000
     0.000000000000000    -0.000000000000000     6.567374099415898
3 4
     0.005521687593606     0.000000000000078    -0.000000000000000
     0.000000000000078     0.005521687593454    -0.000000000000000
     0.000000000000000     0.000000000000000    -1.303366200542635
3 5
    -0.019316263375060    -0.000000000000272    -0.000000000000000
    -0.000000000000272    -0.019316263374527    -0.000000000000000
     0.000000000000000     0.000000000000000     0.022186427355173
4 1
    -1.368354771706062    -0.000000000019250    -0.000000000000000
    -0.000000000019250    -1.368354771668320    -0.000000000000000
    -0.000000000000000    -0.000000000000000    -2.757084809272888
4 2
    -0.025759776982748    -0.000000000000362     0.000000000000000
    -0.000000000000362    -0.025759776982037     0.000000000000000
     0.000000000000000     0.000000000000000    -7.792661429205835
4 3
     0.005521687593606     0.000000000000078     0.000000000000000
     0.000000000000078     0.005521687593454     0.000000000000000
    -0.000000000000000    -0.000000000000000    -1.303366200542635
4 4
     1.779589332099961     0.000000000025035     0.000000000000000
     0.000000000025035     1.779589332050878    -0.000000000000000
     0.000000000000000    -0.000000000000000    11.857140756271150
4 5
    -0.390996471004757    -0.000000000005501    -0.000000000000000
    -0.000000000005501    -0.390996470993973     0.000000000000000
     0.000000000000000    -0.000000000000000    -0.004028317249792
5 1
     0.163802433907352     0.000000000002304    -0.000000000000000
     0.000000000002304     0.163802433902835    -0.000000000000000
     0.000000000000000    -0.000000000000000    -0.105080180793476
5 2
    -4.649297260919231    -0.000000000065407    -0.000000000000000
    -0.000000000065407    -4.649297260790997     0.000000000000000
    -0.000000000000000     0.000000000000000    -5.922741152611247
5 3
    -0.019316263375060    -0.000000000000272     0.000000000000000
    -0.000000000000272    -0.019316263374527     0.000000000000000
    -0.000000000000000    -0.000000000000000     0.022186427355173
5 4
    -0.390996471004758    -0.000000000005501     0.000000000000000
    -0.000000000005501    -0.390996470993973    -0.000000000000000
    -0.000000000000000     0.000000000000000    -0.004028317249792
5 5
     4.895807561391696     0.000000000068875    -0.000000000000000
     0.000000000068875     4.895807561256663    -0.000000000000000
    -0.000000000000000    -0.000000000000000     6.009663223299341