5    
10   

1    
  0.0014344301204724   0.0000000000000000   0.0104858866313253
  -0.0069528607    0.0000078598   -0.0943992286
  -0.0002468677    0.0000000000    0.0077938312
   0.0055570627   -0.0000113918    0.0564373408
   0.0019007302    0.0000038004    0.0287301960
  -0.0002313227    0.0000000000    0.0010182469

1    
 -0.0014344301204724   0.0000000000000000  -0.0104858866313320
   0.0067858747    0.0000067920    0.0946788873
   0.0002440314    0.0000000000   -0.0079212645
  -0.0052399503   -0.0000107444   -0.0562011447
  -0.0020340952    0.0000039900   -0.0289953073
   0.0002297624    0.0000000000   -0.0010506719

2    
  0.0014344301204717   0.0000000000000000   0.0104858866313287
  -0.0002468549    0.0000000000    0.0078433947
  -0.0064334567   -0.0000306063   -0.1528271207
   0.0001708279    0.0000000000   -0.0010036767
  -0.0000088496    0.0000000000    0.0835599054
   0.0064845230    0.0000123876    0.0620510465

2    
 -0.0014344301204726   0.0000000000000000  -0.0104858866313320
   0.0002440531    0.0000000000   -0.0078660991
   0.0068438390   -0.0000143983    0.1491303348
  -0.0001699990    0.0000000000    0.0010326530
  -0.0000793385    0.0000000000   -0.0797872846
  -0.0068497544    0.0000131662   -0.0620425021

3    
  0.0014344301204724   0.0000000000000000   0.0104858866313253
   0.0052430070    0.0000108377    0.0562178242
   0.0001684541    0.0000000000   -0.0010166222
  -0.0054209134   -0.0000105169   -0.0686914664
  -0.0000108125   -0.0000007028    0.0136339249
   0.0000293899    0.0000000000   -0.0002223776

3    
 -0.0014344301204726   0.0000000000000000  -0.0104858866313320
  -0.0055538993    0.0000114426   -0.0564262787
  -0.0001724292    0.0000000000    0.0010128269
   0.0057489870   -0.0000108369    0.0690181970
   0.0000008913   -0.0000007164   -0.0137587666
  -0.0000296673    0.0000000000    0.0002208480

4    
  0.0014344301204717   0.0000000000000000   0.0104858866313320
   0.0020357234   -0.0000045099    0.0289423377
   0.0000790771   -0.0000008950    0.0797268538
  -0.0000096470    0.0000000000    0.0138198647
  -0.0026505038    0.0000058454   -0.1224531004
   0.0005543925    0.0000000000    0.0000041696

4    
 -0.0014344301204726   0.0000000000000000  -0.0104858866313320
  -0.0018989956   -0.0000043003   -0.0287805626
   0.0000089710   -0.0000009061   -0.0836230452
   0.0000023732    0.0000000000   -0.0135732032
   0.0024502304    0.0000055947    0.1261140257
  -0.0005715877    0.0000000000   -0.0001420507

5    
  0.0014344301204724   0.0000000000000000   0.0104858866313320
  -0.0002332202    0.0000000000    0.0010374229
   0.0068439281   -0.0000133131    0.0620360697
   0.0000298493    0.0000000000   -0.0002201988
   0.0005690420   -0.0000003225    0.0001116027
  -0.0072026788    0.0000132510   -0.0630082402

5    
 -0.0014344301204726   0.0000000000000000  -0.0104858866313320
   0.0002279283    0.0000000000   -0.0010345747
  -0.0064902670   -0.0000126004   -0.0620633749
  -0.0000291945    0.0000000000    0.0002222022
  -0.0005570358   -0.0000003162   -0.0000344140
   0.0068387382    0.0000122933    0.0629999206
