6    
4    

1    
  0.0060261037859963   0.0000000000000000   0.0087004299535157
  -0.0604185363    0.0000000000   -0.2190637715
   0.0030952694    0.0000000000    0.1348847323
  -0.0103183139    0.0000000000   -0.0112274322
   0.0543112099    0.0000000000    0.0528790084
   0.0078481542    0.0000000000    0.0545794000
   0.0054822167    0.0000000000   -0.0120519370

1    
 -0.0060261037859963   0.0000000000000000  -0.0087004299535157
   0.0644985075    0.0000000000    0.2204589085
  -0.0030095444    0.0000000000   -0.1351480672
   0.0112422512    0.0000000000    0.0122411812
  -0.0588401601    0.0000000000   -0.0553588244
  -0.0083489098    0.0000000000   -0.0536270296
  -0.0055421444    0.0000000000    0.0114338316

3    
  0.0052367286013361   0.0052367286013361   0.0075607377502146
  -0.0097101006    0.0048130572   -0.0106115715
   0.0067992215    0.0507731729    0.0480681540
  -0.0326031550   -0.0999224889   -0.1062235544
   0.0034710331    0.0036269581    0.0689443106
   0.0301056746    0.0387785324   -0.0103943756
   0.0019373264    0.0019307683    0.0102170369

3    
 -0.0052367286013361  -0.0052367286013361  -0.0075607377502152
   0.0090881233   -0.0047050434    0.0095495484
  -0.0072242000   -0.0474728436   -0.0462068708
   0.0341337796    0.0965631950    0.1052910904
  -0.0036915532   -0.0035190022   -0.0690866295
  -0.0303944080   -0.0389611107    0.0105625140
  -0.0019117417   -0.0019051952   -0.0101096524
