   6    6
1 1
    10.360533117888219     0.000000000000000     0.000000000000000
     0.000000000000000    10.360533117888219     0.000000000000000
     0.000000000000000     0.000000000000000    25.269034793368334
1 2
    -0.510658472312586     0.000000000000000     0.000000000000000
     0.000000000000000    -0.510658472312586     0.000000000000000
     0.000000000000000     0.000000000000000   -15.508000553791952
1 3
     1.790493178902602     0.000000000000000     0.000000000000000
     0.000000000000000    -0.912419663380624     0.000000000000000
     0.000000000000000     0.000000000000000     1.343826966113277
1 4
    -9.385125278035664     0.000000000000000     0.000000000000000
     0.000000000000000    -1.342822883061944     0.000000000000000
     0.000000000000000     0.000000000000000    -6.224344085901468
1 5
    -1.342822883061944     0.000000000000000     0.000000000000000
     0.000000000000000    -9.385125278035666     0.000000000000000
     0.000000000000000     0.000000000000000    -6.224344085901467
1 6
    -0.912419663380625     0.000000000000000     0.000000000000000
     0.000000000000000     1.790493178902602     0.000000000000000
     0.000000000000000     0.000000000000000     1.343826966113277
2 1
    -0.510658472312587     0.000000000000000     0.000000000000000
     0.000000000000000    -0.510658472312587     0.000000000000000
     0.000000000000000     0.000000000000000   -15.508000553791952
2 2
    10.360533117888220     0.000000000000000     0.000000000000000
     0.000000000000000    10.360533117888220     0.000000000000000
     0.000000000000000     0.000000000000000    25.269034793368331
2 3
    -1.342822883061945     0.000000000000000     0.000000000000000
     0.000000000000000    -9.385125278035664     0.000000000000000
     0.000000000000000     0.000000000000000    -6.224344085901468
2 4
    -0.912419663380624     0.000000000000000     0.000000000000000
     0.000000000000000     1.790493178902601     0.000000000000000
     0.000000000000000     0.000000000000000     1.343826966113277
2 5
     1.790493178902601     0.000000000000000     0.000000000000000
     0.000000000000000    -0.912419663380624     0.000000000000000
     0.000000000000000     0.000000000000000     1.343826966113277
2 6
    -9.385125278035664     0.000000000000000     0.000000000000000
     0.000000000000000    -1.342822883061945     0.000000000000000
     0.000000000000000     0.000000000000000    -6.224344085901465
3 1
     1.790493178902601     0.000000000000000     0.000000000000000
     0.000000000000000    -0.912419663380624     0.000000000000000
     0.000000000000000     0.000000000000000     1.343826966113276
3 2
    -1.342822883061945     0.000000000000000     0.000000000000000
     0.000000000000000    -9.385125278035664     0.000000000000000
     0.000000000000000     0.000000000000000    -6.224344085901467
3 3
     6.373345331163089     0.000000000000000     0.000000000000000
     0.000000000000000    18.763134905836548     0.000000000000000
     0.000000000000000     0.000000000000000    13.982519335369490
3 4
    -0.681022265901363     0.000000000000000     0.000000000000000
     0.000000000000000    -0.681022265901363     0.000000000000000
     0.000000000000000     0.000000000000000    -9.133319121668892
3 5
    -5.775175900922194     0.000000000000000     0.000000000000000
     0.000000000000000    -7.419750238338706     0.000000000000000
     0.000000000000000     0.000000000000000     1.380722956796306
3 6
    -0.364817460180188     0.000000000000000     0.000000000000000
     0.000000000000000    -0.364817460180188     0.000000000000000
     0.000000000000000     0.000000000000000    -1.349406050708713
4 1
    -9.385125278035664     0.000000000000000     0.000000000000000
     0.000000000000000    -1.342822883061945     0.000000000000000
     0.000000000000000     0.000000000000000    -6.224344085901467
4 2
    -0.912419663380624     0.000000000000000     0.000000000000000
     0.000000000000000     1.790493178902601     0.000000000000000
     0.000000000000000     0.000000000000000     1.343826966113277
4 3
    -0.681022265901362     0.000000000000000     0.000000000000000
     0.000000000000000    -0.681022265901363     0.000000000000000
     0.000000000000000     0.000000000000000    -9.133319121668894
4 4
    18.763134905836544     0.000000000000000     0.000000000000000
     0.000000000000000     6.373345331163089     0.000000000000000
     0.000000000000000     0.000000000000000    13.982519335369489
4 5
    -0.364817460180187     0.000000000000000     0.000000000000000
     0.000000000000000    -0.364817460180189     0.000000000000000
     0.000000000000000     0.000000000000000    -1.349406050708713
4 6
    -7.419750238338705     0.000000000000000     0.000000000000000
     0.000000000000000    -5.775175900922194     0.000000000000000
     0.000000000000000     0.000000000000000     1.380722956796306
5 1
    -1.342822883061945     0.000000000000000     0.000000000000000
     0.000000000000000    -9.385125278035664     0.000000000000000
     0.000000000000000     0.000000000000000    -6.224344085901465
5 2
     1.790493178902601     0.000000000000000     0.000000000000000
     0.000000000000000    -0.912419663380625     0.000000000000000
     0.000000000000000     0.000000000000000     1.343826966113277
5 3
    -5.775175900922194     0.000000000000000     0.000000000000000
     0.000000000000000    -7.419750238338707     0.000000000000000
     0.000000000000000     0.000000000000000     1.380722956796306
5 4
    -0.364817460180188     0.000000000000000     0.000000000000000
     0.000000000000000    -0.364817460180188     0.000000000000000
     0.000000000000000     0.000000000000000    -1.349406050708713
5 5
     6.373345331163089     0.000000000000000     0.000000000000000
     0.000000000000000    18.763134905836548     0.000000000000000
     0.000000000000000     0.000000000000000    13.982519335369490
5 6
    -0.681022265901363     0.000000000000000     0.000000000000000
     0.000000000000000    -0.681022265901363     0.000000000000000
     0.000000000000000     0.000000000000000    -9.133319121668894
6 1
    -0.912419663380625     0.000000000000000     0.000000000000000
     0.000000000000000     1.790493178902602     0.000000000000000
     0.000000000000000     0.000000000000000     1.343826966113277
6 2
    -9.385125278035666     0.000000000000000     0.000000000000000
     0.000000000000000    -1.342822883061945     0.000000000000000
     0.000000000000000     0.000000000000000    -6.224344085901466
6 3
    -0.364817460180188     0.000000000000000     0.000000000000000
     0.000000000000000    -0.364817460180188     0.000000000000000
     0.000000000000000     0.000000000000000    -1.349406050708713
6 4
    -7.419750238338706     0.000000000000000     0.000000000000000
     0.000000000000000    -5.775175900922195     0.000000000000000
     0.000000000000000     0.000000000000000     1.380722956796306
6 5
    -0.681022265901363     0.000000000000000     0.000000000000000
     0.000000000000000    -0.681022265901363     0.000000000000000
     0.000000000000000     0.000000000000000    -9.133319121668894
6 6
    18.763134905836548     0.000000000000000     0.000000000000000
     0.000000000000000     6.373345331163089     0.000000000000000
     0.000000000000000     0.000000000000000    13.982519335369490