  10   10
1 1
     7.298959114766221     4.344084855420117     0.000000000000000
     4.344084855420117     4.037662677979015     0.000000000000000
     0.000000000000000     0.000000000000000     5.560753982424302
1 2
    -0.485194104593756    -0.065587287586825     0.000000000000000
     0.210719628539183     0.792336964557741     0.000000000000000
     0.000000000000000     0.000000000000000    -0.542750418190983
1 3
    -0.072717593820240     0.017007655097138     0.000000000000000
    -0.326953759775475    -0.104537040447345     0.000000000000000
     0.000000000000000     0.000000000000000    -0.463365756945705
1 4
    -0.130921714122547    -0.103791107764569     0.000000000000000
     0.027844347073703     0.216220418496052     0.000000000000000
     0.000000000000000     0.000000000000000    -0.239265536951975
1 5
    -0.011682769258917     0.013012386707168     0.000000000000000
    -0.108187962879301     0.076788692734257     0.000000000000000
     0.000000000000000     0.000000000000000    -0.070927292348580
1 6
    -0.044829868248880    -0.021599065603825     0.000000000000000
    -0.021599065603825     0.021750897927671     0.000000000000000
     0.000000000000000     0.000000000000000    -0.056699795687533
1 7
    -6.687506686212530    -4.333731852675112     0.000000000000000
    -4.408924476926967    -4.590360534857480     0.000000000000000
     0.000000000000000     0.000000000000000    -4.549192103163568
1 8
     0.029398900365180     0.058179488255625     0.000000000000000
    -0.019970979983262    -0.385623919398960     0.000000000000000
     0.000000000000000     0.000000000000000     0.181185903788213
1 9
     0.042217055803285     0.073549465120841     0.000000000000000
     0.306908912126866     0.009277586551024     0.000000000000000
     0.000000000000000     0.000000000000000     0.144715091047876
1 10
     0.062277665322185     0.018875463029441     0.000000000000000
    -0.003921497991040    -0.073515743541975     0.000000000000000
     0.000000000000000     0.000000000000000     0.035545926027955
2 1
    -0.485194104593756     0.210719628539183     0.000000000000000
    -0.065587287586825     0.792336964557741     0.000000000000000
     0.000000000000000     0.000000000000000    -0.542750418190984
2 2
     7.751745843833479    -1.222975698909972     0.000000000000000
    -1.222975698909972     7.161815474882245     0.000000000000000
     0.000000000000000     0.000000000000000     3.851199618584831
2 3
     0.894413499368973    -0.167716538801842     0.000000000000000
    -0.907079822264180    -0.535340896987170     0.000000000000000
     0.000000000000000     0.000000000000000    -0.567683533008012
2 4
    -0.274770773097704    -1.001745822770245     0.000000000000000
     0.283998219693896     0.588643592981782     0.000000000000000
     0.000000000000000     0.000000000000000    -0.838514117911302
2 5
     0.125495261774854    -0.317689785067204     0.000000000000000
    -0.317689785067204     0.139646008893509     0.000000000000000
     0.000000000000000     0.000000000000000    -0.401071988036230
2 6
    -0.011682769258918    -0.108187962879301     0.000000000000000
     0.013012386707168     0.076788692734257     0.000000000000000
     0.000000000000000     0.000000000000000    -0.070927292348580
2 7
    -2.544610516207673     2.453696136036978     0.000000000000000
     3.099766809559282    -5.539242174418598     0.000000000000000
     0.000000000000000     0.000000000000000    -0.223114312732095
2 8
    -4.827168586279207    -0.444726733425843     0.000000000000000
    -1.421282926205710    -2.221126293627385     0.000000000000000
     0.000000000000000     0.000000000000000    -1.462255818997238
2 9
    -0.795604160268171     0.357590210242585     0.000000000000000
     0.612302335641703    -0.223821509476781     0.000000000000000
     0.000000000000000     0.000000000000000     0.198564464482069
2 10
     0.167376304728125     0.241036567035662     0.000000000000000
    -0.074464231568157    -0.239699859539599     0.000000000000000
     0.000000000000000     0.000000000000000     0.056553398157541
3 1
    -0.072717593820240    -0.326953759775475     0.000000000000000
     0.017007655097138    -0.104537040447345     0.000000000000000
     0.000000000000000     0.000000000000000    -0.463365756945705
3 2
     0.894413499368973    -0.907079822264180     0.000000000000000
    -0.167716538801842    -0.535340896987170     0.000000000000000
     0.000000000000000     0.000000000000000    -0.567683533008012
3 3
     6.059263348044841    -1.761624910613077     0.000000000000000
    -1.761624910613078     9.773283457680675     0.000000000000000
     0.000000000000000     0.000000000000000     3.482198130957325
3 4
    -0.594659104236110     0.819948534729922     0.000000000000000
     0.819948534729923     0.935179017168100     0.000000000000000
     0.000000000000000     0.000000000000000    -0.712142392755148
3 5
    -0.274770773097705     0.283998219693896     0.000000000000000
    -1.001745822770245     0.588643592981782     0.000000000000000
     0.000000000000000     0.000000000000000    -0.838514117911302
3 6
    -0.130921714122547     0.027844347073703     0.000000000000000
    -0.103791107764569     0.216220418496051     0.000000000000000
     0.000000000000000     0.000000000000000    -0.239265536951975
3 7
    -0.498671543247131     0.476035764963681     0.000000000000000
    -0.160757737164254    -0.165134251484235     0.000000000000000
     0.000000000000000     0.000000000000000    -0.006410375638297
3 8
    -3.417880719698949     2.895028661544104     0.000000000000000
     2.453486006381335    -7.811160241238554     0.000000000000000
     0.000000000000000     0.000000000000000    -0.229944183913422
3 9
    -2.000573519363301    -1.370135166277402     0.000000000000000
    -0.112991168144747    -2.094814657614193     0.000000000000000
     0.000000000000000     0.000000000000000    -0.479399477642877
3 10
     0.036518120172169    -0.137061869075172     0.000000000000000
     0.018185089050339    -0.802339398555109     0.000000000000000
     0.000000000000000     0.000000000000000     0.054527243809413
4 1
    -0.130921714122547     0.027844347073703     0.000000000000000
    -0.103791107764569     0.216220418496052     0.000000000000000
     0.000000000000000     0.000000000000000    -0.239265536951975
4 2
    -0.274770773097705     0.283998219693896     0.000000000000000
    -1.001745822770245     0.588643592981782     0.000000000000000
     0.000000000000000     0.000000000000000    -0.838514117911302
4 3
    -0.594659104236110     0.819948534729923     0.000000000000000
     0.819948534729923     0.935179017168100     0.000000000000000
     0.000000000000000     0.000000000000000    -0.712142392755148
4 4
     6.059263348044841    -1.761624910613078     0.000000000000000
    -1.761624910613078     9.773283457680673     0.000000000000000
     0.000000000000000     0.000000000000000     3.482198130957325
4 5
     0.894413499368973    -0.907079822264180     0.000000000000000
    -0.167716538801842    -0.535340896987170     0.000000000000000
     0.000000000000000     0.000000000000000    -0.567683533008012
4 6
    -0.072717593820240    -0.326953759775475     0.000000000000000
     0.017007655097138    -0.104537040447345     0.000000000000000
     0.000000000000000     0.000000000000000    -0.463365756945705
4 7
     0.036518120172169    -0.137061869075172     0.000000000000000
     0.018185089050339    -0.802339398555108     0.000000000000000
     0.000000000000000     0.000000000000000     0.054527243809413
4 8
    -2.000573519363301    -1.370135166277402     0.000000000000000
    -0.112991168144747    -2.094814657614194     0.000000000000000
     0.000000000000000     0.000000000000000    -0.479399477642877
4 9
    -3.417880719698949     2.895028661544103     0.000000000000000
     2.453486006381335    -7.811160241238554     0.000000000000000
     0.000000000000000     0.000000000000000    -0.229944183913422
4 10
    -0.498671543247131     0.476035764963681     0.000000000000000
    -0.160757737164254    -0.165134251484235     0.000000000000000
     0.000000000000000     0.000000000000000    -0.006410375638297
5 1
    -0.011682769258918    -0.108187962879301     0.000000000000000
     0.013012386707168     0.076788692734257     0.000000000000000
     0.000000000000000     0.000000000000000    -0.070927292348580
5 2
     0.125495261774854    -0.317689785067204     0.000000000000000
    -0.317689785067204     0.139646008893509     0.000000000000000
     0.000000000000000     0.000000000000000    -0.401071988036230
5 3
    -0.274770773097705    -1.001745822770245     0.000000000000000
     0.283998219693896     0.588643592981782     0.000000000000000
     0.000000000000000     0.000000000000000    -0.838514117911302
5 4
     0.894413499368973    -0.167716538801842     0.000000000000000
    -0.907079822264180    -0.535340896987170     0.000000000000000
     0.000000000000000     0.000000000000000    -0.567683533008012
5 5
     7.751745843833479    -1.222975698909972     0.000000000000000
    -1.222975698909973     7.161815474882244     0.000000000000000
     0.000000000000000     0.000000000000000     3.851199618584830
5 6
    -0.485194104593756     0.210719628539183     0.000000000000000
    -0.065587287586825     0.792336964557741     0.000000000000000
     0.000000000000000     0.000000000000000    -0.542750418190983
5 7
     0.167376304728125     0.241036567035662     0.000000000000000
    -0.074464231568157    -0.239699859539599     0.000000000000000
     0.000000000000000     0.000000000000000     0.056553398157541
5 8
    -0.795604160268171     0.357590210242585     0.000000000000000
     0.612302335641703    -0.223821509476781     0.000000000000000
     0.000000000000000     0.000000000000000     0.198564464482069
5 9
    -4.827168586279207    -0.444726733425843     0.000000000000000
    -1.421282926205710    -2.221126293627385     0.000000000000000
     0.000000000000000     0.000000000000000    -1.462255818997238
5 10
    -2.544610516207674     2.453696136036978     0.000000000000000
     3.099766809559281    -5.539242174418598     0.000000000000000
     0.000000000000000     0.000000000000000    -0.223114312732095
6 1
    -0.044829868248880    -0.021599065603825     0.000000000000000
    -0.021599065603825     0.021750897927671     0.000000000000000
     0.000000000000000     0.000000000000000    -0.056699795687533
6 2
    -0.011682769258918     0.013012386707168     0.000000000000000
    -0.108187962879301     0.076788692734257     0.000000000000000
     0.000000000000000     0.000000000000000    -0.070927292348580
6 3
    -0.130921714122547    -0.103791107764569     0.000000000000000
     0.027844347073703     0.216220418496051     0.000000000000000
     0.000000000000000     0.000000000000000    -0.239265536951975
6 4
    -0.072717593820240     0.017007655097138     0.000000000000000
    -0.326953759775475    -0.104537040447345     0.000000000000000
     0.000000000000000     0.000000000000000    -0.463365756945705
6 5
    -0.485194104593756    -0.065587287586825     0.000000000000000
     0.210719628539183     0.792336964557741     0.000000000000000
     0.000000000000000     0.000000000000000    -0.542750418190983
6 6
     7.298959114766221     4.344084855420118     0.000000000000000
     4.344084855420118     4.037662677979015     0.000000000000000
     0.000000000000000     0.000000000000000     5.560753982424301
6 7
     0.062277665322185     0.018875463029441     0.000000000000000
    -0.003921497991040    -0.073515743541975     0.000000000000000
     0.000000000000000     0.000000000000000     0.035545926027955
6 8
     0.042217055803285     0.073549465120841     0.000000000000000
     0.306908912126866     0.009277586551024     0.000000000000000
     0.000000000000000     0.000000000000000     0.144715091047876
6 9
     0.029398900365180     0.058179488255624     0.000000000000000
    -0.019970979983262    -0.385623919398960     0.000000000000000
     0.000000000000000     0.000000000000000     0.181185903788213
6 10
    -6.687506686212530    -4.333731852675111     0.000000000000000
    -4.408924476926967    -4.590360534857480     0.000000000000000
     0.000000000000000     0.000000000000000    -4.549192103163569
7 1
    -6.687506686212529    -4.408924476926969     0.000000000000000
    -4.333731852675113    -4.590360534857480     0.000000000000000
     0.000000000000000     0.000000000000000    -4.549192103163567
7 2
    -2.544610516207674     3.099766809559281     0.000000000000000
     2.453696136036978    -5.539242174418597     0.000000000000000
     0.000000000000000     0.000000000000000    -0.223114312732095
7 3
    -0.498671543247131    -0.160757737164254     0.000000000000000
     0.476035764963682    -0.165134251484235     0.000000000000000
     0.000000000000000     0.000000000000000    -0.006410375638297
7 4
     0.036518120172169     0.018185089050339     0.000000000000000
    -0.137061869075172    -0.802339398555109     0.000000000000000
     0.000000000000000     0.000000000000000     0.054527243809413
7 5
     0.167376304728125    -0.074464231568157     0.000000000000000
     0.241036567035662    -0.239699859539599     0.000000000000000
     0.000000000000000     0.000000000000000     0.056553398157541
7 6
     0.062277665322185    -0.003921497991040     0.000000000000000
     0.018875463029441    -0.073515743541976     0.000000000000000
     0.000000000000000     0.000000000000000     0.035545926027955
7 7
    10.865954299855543     1.306021888881821     0.000000000000000
     1.306021888881821     9.578550349136803     0.000000000000000
     0.000000000000000     0.000000000000000     4.821480275290158
7 8
    -0.875878341727946     0.230018226977300     0.000000000000000
     0.802011580928840     1.576567548281923     0.000000000000000
     0.000000000000000     0.000000000000000    -0.065504462264186
7 9
    -0.436288545932193    -0.073987771373577     0.000000000000000
    -0.894947379681394     0.038906908358446     0.000000000000000
     0.000000000000000     0.000000000000000    -0.156664247420235
7 10
    -0.089170756750547     0.068063700555254     0.000000000000000
     0.068063700555255     0.216267156619824     0.000000000000000
     0.000000000000000     0.000000000000000     0.032778657933315
8 1
     0.029398900365180    -0.019970979983262     0.000000000000000
     0.058179488255624    -0.385623919398960     0.000000000000000
     0.000000000000000     0.000000000000000     0.181185903788213
8 2
    -4.827168586279208    -1.421282926205710     0.000000000000000
    -0.444726733425843    -2.221126293627385     0.000000000000000
     0.000000000000000     0.000000000000000    -1.462255818997238
8 3
    -3.417880719698949     2.453486006381336     0.000000000000000
     2.895028661544104    -7.811160241238553     0.000000000000000
     0.000000000000000     0.000000000000000    -0.229944183913422
8 4
    -2.000573519363301    -0.112991168144747     0.000000000000000
    -1.370135166277402    -2.094814657614194     0.000000000000000
     0.000000000000000     0.000000000000000    -0.479399477642877
8 5
    -0.795604160268171     0.612302335641703     0.000000000000000
     0.357590210242585    -0.223821509476781     0.000000000000000
     0.000000000000000     0.000000000000000     0.198564464482069
8 6
     0.042217055803285     0.306908912126866     0.000000000000000
     0.073549465120841     0.009277586551024     0.000000000000000
     0.000000000000000     0.000000000000000     0.144715091047876
8 7
    -0.875878341727946     0.802011580928839     0.000000000000000
     0.230018226977300     1.576567548281923     0.000000000000000
     0.000000000000000     0.000000000000000    -0.065504462264186
8 8
    10.127572392699598    -0.418112914034249     0.000000000000000
    -0.418112914034249    11.756093213338595     0.000000000000000
     0.000000000000000     0.000000000000000     2.056726425036604
8 9
     2.154205524401705    -1.307403467029383     0.000000000000000
    -1.307403467029383    -0.644298635174116     0.000000000000000
     0.000000000000000     0.000000000000000    -0.187423694116804
8 10
    -0.436288545932193    -0.894947379681394     0.000000000000000
    -0.073987771373577     0.038906908358446     0.000000000000000
     0.000000000000000     0.000000000000000    -0.156664247420235
9 1
     0.042217055803285     0.306908912126866     0.000000000000000
     0.073549465120841     0.009277586551024     0.000000000000000
     0.000000000000000     0.000000000000000     0.144715091047876
9 2
    -0.795604160268172     0.612302335641703     0.000000000000000
     0.357590210242585    -0.223821509476781     0.000000000000000
     0.000000000000000     0.000000000000000     0.198564464482069
9 3
    -2.000573519363301    -0.112991168144747     0.000000000000000
    -1.370135166277402    -2.094814657614193     0.000000000000000
     0.000000000000000     0.000000000000000    -0.479399477642877
9 4
    -3.417880719698949     2.453486006381335     0.000000000000000
     2.895028661544104    -7.811160241238554     0.000000000000000
     0.000000000000000     0.000000000000000    -0.229944183913422
9 5
    -4.827168586279207    -1.421282926205710     0.000000000000000
    -0.444726733425843    -2.221126293627385     0.000000000000000
     0.000000000000000     0.000000000000000    -1.462255818997238
9 6
     0.029398900365180    -0.019970979983262     0.000000000000000
     0.058179488255624    -0.385623919398960     0.000000000000000
     0.000000000000000     0.000000000000000     0.181185903788213
9 7
    -0.436288545932193    -0.894947379681394     0.000000000000000
    -0.073987771373577     0.038906908358446     0.000000000000000
     0.000000000000000     0.000000000000000    -0.156664247420235
9 8
     2.154205524401705    -1.307403467029383     0.000000000000000
    -1.307403467029383    -0.644298635174116     0.000000000000000
     0.000000000000000     0.000000000000000    -0.187423694116804
9 9
    10.127572392699600    -0.418112914034249     0.000000000000000
    -0.418112914034249    11.756093213338596     0.000000000000000
     0.000000000000000     0.000000000000000     2.056726425036604
9 10
    -0.875878341727946     0.802011580928839     0.000000000000000
     0.230018226977300     1.576567548281922     0.000000000000000
     0.000000000000000     0.000000000000000    -0.065504462264186
10 1
     0.062277665322185    -0.003921497991040     0.000000000000000
     0.018875463029441    -0.073515743541975     0.000000000000000
     0.000000000000000     0.000000000000000     0.035545926027955
10 2
     0.167376304728125    -0.074464231568157     0.000000000000000
     0.241036567035662    -0.239699859539599     0.000000000000000
     0.000000000000000     0.000000000000000     0.056553398157541
10 3
     0.036518120172169     0.018185089050339     0.000000000000000
    -0.137061869075172    -0.802339398555109     0.000000000000000
     0.000000000000000     0.000000000000000     0.054527243809413
10 4
    -0.498671543247131    -0.160757737164254     0.000000000000000
     0.476035764963681    -0.165134251484235     0.000000000000000
     0.000000000000000     0.000000000000000    -0.006410375638297
10 5
    -2.544610516207674     3.099766809559281     0.000000000000000
     2.453696136036977    -5.539242174418597     0.000000000000000
     0.000000000000000     0.000000000000000    -0.223114312732095
10 6
    -6.687506686212531    -4.408924476926968     0.000000000000000
    -4.333731852675111    -4.590360534857480     0.000000000000000
     0.000000000000000     0.000000000000000    -4.549192103163568
10 7
    -0.089170756750547     0.068063700555254     0.000000000000000
     0.068063700555254     0.216267156619824     0.000000000000000
     0.000000000000000     0.000000000000000     0.032778657933315
10 8
    -0.436288545932193    -0.073987771373577     0.000000000000000
    -0.894947379681394     0.038906908358446     0.000000000000000
     0.000000000000000     0.000000000000000    -0.156664247420235
10 9
    -0.875878341727946     0.230018226977300     0.000000000000000
     0.802011580928840     1.576567548281923     0.000000000000000
     0.000000000000000     0.000000000000000    -0.065504462264186
10 10
    10.865954299855540     1.306021888881821     0.000000000000000
     1.306021888881821     9.578550349136803     0.000000000000000
     0.000000000000000     0.000000000000000     4.821480275290157