5    
3    

1    
  0.0105835442180604   0.0000000000000000   0.0000000000000000
  -0.0760994811    0.0000000000    0.0000000000
   0.0393919247    0.0000000000    0.0000000000
   0.0154603125    0.0000000000    0.0000000000
   0.0106236220    0.0000000000    0.0000000000
   0.0106236220    0.0000000000    0.0000000000

2    
  0.0105835442180600   0.0000000000000000   0.0000000000000000
   0.0393719050    0.0000000000    0.0000000000
   0.0069498866    0.0000000000    0.0000000000
  -0.0587965670    0.0000000000    0.0000000000
   0.0062373877    0.0000000000    0.0000000000
   0.0062373877    0.0000000000    0.0000000000

3    
  0.0074836958855781   0.0074836958855779   0.0000000000000000
   0.0108974106    0.0074776470    0.0000000000
  -0.0416730260    0.0043765759    0.0000000000
  -0.0396686577   -0.0427168234    0.0000000000
   0.0352233778    0.0352244831    0.0000000000
   0.0352208953   -0.0043618826    0.0000000000
