   5    5
1 1
     7.187215683387568    -0.000000000000000    -0.000000000000000
    -0.000000000000000     7.187215683387567     0.000000000000000
    -0.000000000000000     0.000000000000000     7.187215683387567
1 2
    -3.724644525632820    -0.000000000000000     0.000000000000000
     0.000000000000000    -3.724644525632820     0.000000000000000
    -0.000000000000000     0.000000000000000    -3.724644525632821
1 3
    -1.458212334001561     0.000000000000000    -0.000000000000000
    -0.000000000000000    -1.002179411876594     0.000000000000000
    -0.000000000000000     0.000000000000000    -1.002179411876594
1 4
    -1.002179411876594     0.000000000000000     0.000000000000000
    -0.000000000000000    -1.458212334001561     0.000000000000000
    -0.000000000000000     0.000000000000000    -1.002179411876593
1 5
    -1.002179411876593    -0.000000000000000    -0.000000000000000
     0.000000000000000    -1.002179411876593     0.000000000000000
     0.000000000000000     0.000000000000000    -1.458212334001561
2 1
    -3.724644525632821     0.000000000000000    -0.000000000000000
    -0.000000000000000    -3.724644525632821     0.000000000000000
     0.000000000000000     0.000000000000000    -3.724644525632821
2 2
    -0.660711639973946     0.000000000000000     0.000000000000000
     0.000000000000000    -0.660711639973946     0.000000000000000
     0.000000000000000     0.000000000000000    -0.660711639973946
2 3
     5.561798293398132    -0.000000000000000    -0.000000000000000
    -0.000000000000000    -0.588221063895682     0.000000000000000
     0.000000000000000     0.000000000000000    -0.588221063895682
2 4
    -0.588221063895682     0.000000000000000     0.000000000000000
     0.000000000000000     5.561798293398132     0.000000000000000
     0.000000000000000     0.000000000000000    -0.588221063895682
2 5
    -0.588221063895682    -0.000000000000000    -0.000000000000000
     0.000000000000000    -0.588221063895682     0.000000000000000
    -0.000000000000000     0.000000000000000     5.561798293398132
3 1
    -1.458212334001561    -0.000000000000000    -0.000000000000000
     0.000000000000000    -1.002179411876594     0.000000000000000
    -0.000000000000000     0.000000000000000    -1.002179411876594
3 2
     5.561798293398130    -0.000000000000000     0.000000000000000
    -0.000000000000000    -0.588221063895682     0.000000000000000
    -0.000000000000000     0.000000000000000    -0.588221063895682
3 3
     5.304337337923505     0.000000000000000     0.000000000000000
     0.000000000000000     5.709747833129120     0.000000000000000
     0.000000000000000     0.000000000000000     5.709747833129120
3 4
    -4.703961648660038    -0.000000000000000     0.000000000000000
     0.000000000000000    -4.703961648660037     0.000000000000000
    -0.000000000000000     0.000000000000000     0.584614291303193
3 5
    -4.703961648660037    -0.000000000000000    -0.000000000000000
    -0.000000000000000     0.584614291303193     0.000000000000000
     0.000000000000000     0.000000000000000    -4.703961648660038
4 1
    -1.002179411876594    -0.000000000000000    -0.000000000000000
     0.000000000000000    -1.458212334001561     0.000000000000000
     0.000000000000000     0.000000000000000    -1.002179411876594
4 2
    -0.588221063895682     0.000000000000000     0.000000000000000
     0.000000000000000     5.561798293398131     0.000000000000000
     0.000000000000000     0.000000000000000    -0.588221063895682
4 3
    -4.703961648660037     0.000000000000000    -0.000000000000000
    -0.000000000000000    -4.703961648660038     0.000000000000000
     0.000000000000000     0.000000000000000     0.584614291303193
4 4
     5.709747833129120    -0.000000000000000     0.000000000000000
    -0.000000000000000     5.304337337923505     0.000000000000000
     0.000000000000000     0.000000000000000     5.709747833129120
4 5
     0.584614291303193     0.000000000000000     0.000000000000000
     0.000000000000000    -4.703961648660037     0.000000000000000
    -0.000000000000000     0.000000000000000    -4.703961648660037
5 1
    -1.002179411876594     0.000000000000000     0.000000000000000
    -0.000000000000000    -1.002179411876594     0.000000000000000
    -0.000000000000000     0.000000000000000    -1.458212334001561
5 2
    -0.588221063895682     0.000000000000000    -0.000000000000000
    -0.000000000000000    -0.588221063895682     0.000000000000000
    -0.000000000000000     0.000000000000000     5.561798293398131
5 3
    -4.703961648660037    -0.000000000000000     0.000000000000000
    -0.000000000000000     0.584614291303193     0.000000000000000
    -0.000000000000000     0.000000000000000    -4.703961648660038
5 4
     0.584614291303194     0.000000000000000    -0.000000000000000
     0.000000000000000    -4.703961648660037     0.000000000000000
     0.000000000000000     0.000000000000000    -4.703961648660037
5 5
     5.709747833129120    -0.000000000000000     0.000000000000000
    -0.000000000000000     5.709747833129120     0.000000000000000
     0.000000000000000     0.000000000000000     5.304337337923505