      -3.78606136      0.00000000      0.00000000
       0.00000000     -0.51433403     -0.07930757
       0.00000000     -0.09831124     -0.19918802
       4.34097421      0.00000000      0.00000000
       0.00000000      1.14267857      0.04329835
       0.00000000     -0.20139114      0.36704621
      -3.43005056      0.00000000      0.00000000
       0.00000000     -0.85948720     -0.05826994
       0.00000000      0.22658801     -0.27641609
      -3.25977330      0.00000000      0.00000000
       0.00000000     -0.76751978     -0.18867858
       0.00000000     -0.38576665     -0.56148044
       6.13491160      0.00000000      0.00000000
       0.00000000      0.99866242      0.28295778
       0.00000000      0.45888103      0.67003841
       6.13491160      0.00000000      0.00000000
       0.00000000      0.99866242      0.28295778
       0.00000000      0.45888103      0.67003841
      -3.25977330      0.00000000      0.00000000
       0.00000000     -0.76751978     -0.18867858
       0.00000000     -0.38576665     -0.56148044
      -3.43005056      0.00000000      0.00000000
       0.00000000     -0.85948720     -0.05826994
       0.00000000      0.22658801     -0.27641609
       4.34097421      0.00000000      0.00000000
       0.00000000      1.14267857      0.04329835
       0.00000000     -0.20139114      0.36704621
      -3.78606136      0.00000000      0.00000000
       0.00000000     -0.51433403     -0.07930757
       0.00000000     -0.09831124     -0.19918802
