  0.00000E+00  9.14157E-01  6.27337E-01  2.86820E-01  6.80684E-01  4.11244E-02  3.76646E-03  8.52696E-02  3.65061E-02  2.45795E-02
  1.00000E+00  9.56875E-01  6.56535E-01  3.00340E-01  7.10496E-01  4.27751E-02  3.92333E-03  9.02610E-02  3.88309E-02  2.61519E-02
  2.00000E+00  1.00290E+00  6.87994E-01  3.14907E-01  7.42436E-01  4.45340E-02  4.09219E-03  9.57235E-02  4.13866E-02  2.78819E-02
  3.00000E+00  1.05261E+00  7.21969E-01  3.30639E-01  7.76721E-01  4.64110E-02  4.27432E-03  1.01719E-01  4.42047E-02  2.97911E-02
  4.00000E+00  1.10642E+00  7.58751E-01  3.47669E-01  8.13596E-01  4.84172E-02  4.47122E-03  1.08322E-01  4.73224E-02  3.19051E-02
  5.00000E+00  1.16483E+00  7.98675E-01  3.66152E-01  8.53342E-01  5.05652E-02  4.68457E-03  1.15617E-01  5.07837E-02  3.42541E-02
  6.00000E+00  1.22840E+00  8.42134E-01  3.86270E-01  8.96281E-01  5.28690E-02  4.91632E-03  1.23707E-01  5.46408E-02  3.68742E-02
  7.00000E+00  1.29782E+00  8.89584E-01  4.08231E-01  9.42785E-01  5.53448E-02  5.16872E-03  1.32715E-01  5.89561E-02  3.98084E-02
  8.00000E+00  1.37385E+00  9.41564E-01  4.32285E-01  9.93281E-01  5.80107E-02  5.44434E-03  1.42785E-01  6.38051E-02  4.31087E-02
  9.00000E+00  1.45743E+00  9.98710E-01  4.58722E-01  1.04827E+00  6.08873E-02  5.74621E-03  1.54096E-01  6.92788E-02  4.68380E-02
  1.00000E+01  1.54967E+00  1.06178E+00  4.87893E-01  1.10834E+00  6.39983E-02  6.07783E-03  1.66862E-01  7.54888E-02  5.10733E-02
  1.10000E+01  1.65190E+00  1.13169E+00  5.20215E-01  1.17418E+00  6.73710E-02  6.44333E-03  1.81347E-01  8.25721E-02  5.59094E-02
  1.20000E+01  1.76573E+00  1.20953E+00  5.56195E-01  1.24661E+00  7.10367E-02  6.84757E-03  1.97879E-01  9.06990E-02  6.14640E-02
  1.30000E+01  1.89312E+00  1.29667E+00  5.96451E-01  1.32663E+00  7.50318E-02  7.29631E-03  2.16866E-01  1.00083E-01  6.78847E-02
  1.40000E+01  2.03650E+00  1.39476E+00  6.41746E-01  1.41542E+00  7.93989E-02  7.79641E-03  2.38823E-01  1.10992E-01  7.53581E-02
  1.50000E+01  2.19891E+00  1.50588E+00  6.93030E-01  1.51444E+00  8.41876E-02  8.35609E-03  2.64405E-01  1.23773E-01  8.41228E-02
  1.60000E+01  2.38416E+00  1.63266E+00  7.51501E-01  1.62550E+00  8.94568E-02  8.98529E-03  2.94457E-01  1.38868E-01  9.44873E-02
  1.70000E+01  2.59713E+00  1.77844E+00  8.18690E-01  1.75085E+00  9.52761E-02  9.69608E-03  3.30083E-01  1.56860E-01  1.06855E-01
  1.80000E+01  2.84415E+00  1.94757E+00  8.96575E-01  1.89336E+00  1.01729E-01  1.05032E-02  3.72737E-01  1.78519E-01  1.21761E-01
  1.90000E+01  3.13350E+00  2.14574E+00  9.87753E-01  2.05669E+00  1.08916E-01  1.14250E-02  4.24370E-01  2.04878E-01  1.39921E-01
  2.00000E+01  3.47624E+00  2.38056E+00  1.09568E+00  2.24565E+00  1.16958E-01  1.24841E-02  4.87629E-01  2.37341E-01  1.62314E-01
  2.10000E+01  3.88735E+00  2.66231E+00  1.22505E+00  2.46661E+00  1.26006E-01  1.37090E-02  5.66159E-01  2.77848E-01  1.90286E-01
  2.20000E+01  4.38741E+00  3.00514E+00  1.38227E+00  2.72817E+00  1.36245E-01  1.51360E-02  6.65047E-01  3.29111E-01  2.25724E-01
  2.30000E+01  5.00503E+00  3.42874E+00  1.57629E+00  3.04207E+00  1.47906E-01  1.68114E-02  7.91479E-01  3.94961E-01  2.71293E-01
  2.40000E+01  5.78042E+00  3.96077E+00  1.81964E+00  3.42457E+00  1.61282E-01  1.87953E-02  9.55658E-01  4.80849E-01  3.30787E-01
  2.50000E+01  6.76980E+00  4.63992E+00  2.12988E+00  3.89812E+00  1.76749E-01  2.11666E-02  1.17200E+00  5.94486E-01  4.09572E-01
  2.60000E+01  8.04975E+00  5.51889E+00  2.53086E+00  4.49303E+00  1.94794E-01  2.40304E-02  1.46026E+00  7.46436E-01  5.15003E-01
  2.70000E+01  9.71577E+00  6.66338E+00  3.05239E+00  5.24702E+00  2.16059E-01  2.75279E-02  1.84506E+00  9.49881E-01  6.56257E-01
  2.80000E+01  1.18581E+01  8.13539E+00  3.72266E+00  6.19640E+00  2.41403E-01  3.18522E-02  2.34918E+00  1.21698E+00  8.41796E-01
  2.90000E+01  1.44735E+01  9.93251E+00  4.54099E+00  7.34371E+00  2.71989E-01  3.72708E-02  2.96931E+00  1.54586E+00  1.07029E+00
  3.00000E+01  1.72701E+01  1.18530E+01  5.41717E+00  8.58565E+00  3.09423E-01  4.41591E-02  3.62233E+00  1.89169E+00  1.31049E+00
  3.10000E+01  1.94917E+01  1.33746E+01  6.11705E+00  9.64859E+00  3.55939E-01  5.30491E-02  4.09698E+00  2.14070E+00  1.48306E+00
  3.20000E+01  2.02736E+01  1.39005E+01  6.37314E+00  1.02203E+01  4.14672E-01  6.46975E-02  4.15104E+00  2.16243E+00  1.49705E+00
  3.30000E+01  1.95609E+01  1.33915E+01  6.16941E+00  1.02894E+01  4.89987E-01  8.01697E-02  3.76201E+00  1.94449E+00  1.34378E+00
  3.40000E+01  1.82151E+01  1.24404E+01  5.77476E+00  1.01858E+01  5.87732E-01  1.00903E-01  3.15600E+00  1.60811E+00  1.10769E+00
  3.50000E+01  1.71207E+01  1.16553E+01  5.46534E+00  1.02523E+01  7.14901E-01  1.28605E-01  2.56250E+00  1.27623E+00  8.74368E-01
  3.60000E+01  1.67073E+01  1.13315E+01  5.37586E+00  1.06729E+01  8.77106E-01  1.64578E-01  2.08442E+00  1.00351E+00  6.81816E-01
  3.70000E+01  1.70733E+01  1.15376E+01  5.53563E+00  1.15281E+01  1.07059E+00  2.07575E-01  1.73533E+00  7.96340E-01  5.34346E-01
  3.80000E+01  1.81693E+01  1.22477E+01  5.92162E+00  1.28806E+01  1.26698E+00  2.49726E-01  1.49732E+00  6.43836E-01  4.24160E-01
  3.90000E+01  1.98985E+01  1.34109E+01  6.48767E+00  1.48247E+01  1.40669E+00  2.74761E-01  1.34960E+00  5.33017E-01  3.41929E-01
  4.00000E+01  2.22529E+01  1.50356E+01  7.21729E+00  1.75145E+01  1.43864E+00  2.68518E-01  1.27750E+00  4.53460E-01  2.79981E-01
  4.10000E+01  2.54730E+01  1.72840E+01  8.18907E+00  2.11876E+01  1.38033E+00  2.34879E-01  1.27421E+00  3.97897E-01  2.32674E-01
  4.20000E+01  3.00286E+01  2.04628E+01  9.56583E+00  2.61877E+01  1.30012E+00  1.90959E-01  1.34049E+00  3.61740E-01  1.96008E-01
  4.30000E+01  3.64778E+01  2.49435E+01  1.15343E+01  3.29670E+01  1.25426E+00  1.50230E-01  1.48364E+00  3.42446E-01  1.67177E-01
  4.40000E+01  4.53380E+01  3.10774E+01  1.42606E+01  4.20008E+01  1.26882E+00  1.17532E-01  1.71378E+00  3.38722E-01  1.44200E-01
  4.50000E+01  5.67588E+01  3.89659E+01  1.77929E+01  5.34284E+01  1.35466E+00  9.27629E-02  2.03175E+00  3.48999E-01  1.25661E-01
  4.60000E+01  6.96469E+01  4.78507E+01  2.17961E+01  6.61480E+01  1.52167E+00  7.43229E-02  2.39969E+00  3.68264E-01  1.10523E-01
  4.70000E+01  8.05089E+01  5.53124E+01  2.51965E+01  7.66460E+01  1.78574E+00  6.05782E-02  2.70332E+00  3.84110E-01  9.79953E-02
  4.80000E+01  8.43118E+01  5.78642E+01  2.64476E+01  7.98534E+01  2.17037E+00  5.02434E-02  2.77909E+00  3.79383E-01  8.74617E-02
  4.90000E+01  7.91116E+01  5.41563E+01  2.49553E+01  7.37856E+01  2.70103E+00  4.23886E-02  2.56245E+00  3.47082E-01  7.84792E-02
  5.00000E+01  6.84412E+01  4.66318E+01  2.18094E+01  6.19712E+01  3.38194E+00  3.63533E-02  2.16544E+00  2.98135E-01  7.07671E-02
  5.10000E+01  5.70932E+01  3.86222E+01  1.84710E+01  4.93358E+01  4.13901E+00  3.16507E-02  1.74496E+00  2.48086E-01  6.41335E-02
  5.20000E+01  4.73416E+01  3.17477E+01  1.55939E+01  3.85471E+01  4.75006E+00  2.78868E-02  1.38585E+00  2.05268E-01  5.84152E-02
  5.30000E+01  3.92091E+01  2.60894E+01  1.31198E+01  3.01715E+01  4.90774E+00  2.47365E-02  1.10581E+00  1.71292E-01  5.34662E-02
  5.40000E+01  3.21902E+01  2.13198E+01  1.08704E+01  2.38894E+01  4.50717E+00  2.19981E-02  8.94331E-01  1.44953E-01  4.91613E-02
  5.50000E+01  2.61856E+01  1.73225E+01  8.86307E+00  1.92042E+01  3.77414E+00  1.96114E-02  7.35271E-01  1.24509E-01  4.53972E-02
  5.60000E+01  2.12833E+01  1.40956E+01  7.18772E+00  1.56835E+01  3.00395E+00  1.75685E-02  6.14607E-01  1.08452E-01  4.20901E-02
  5.70000E+01  1.74308E+01  1.15700E+01  5.86079E+00  1.30032E+01  2.35078E+00  1.58435E-02  5.21806E-01  9.56460E-02  3.91717E-02
  5.80000E+01  1.44494E+01  9.61578E+00  4.83361E+00  1.09321E+01  1.84470E+00  1.43906E-02  4.49341E-01  8.52676E-02  3.65863E-02
  5.90000E+01  1.21395E+01  8.09929E+00  4.04025E+00  9.30753E+00  1.46495E+00  1.31618E-02  3.91901E-01  7.67301E-02  3.42883E-02
  6.00000E+01  1.03330E+01  6.91056E+00  3.42241E+00  8.01499E+00  1.18125E+00  1.21153E-02  3.45729E-01  6.96115E-02  3.22399E-02
  6.10000E+01  8.90197E+00  5.96678E+00  2.93519E+00  6.97290E+00  9.67574E-01  1.12174E-02  3.08142E-01  6.36053E-02  3.04096E-02
  6.20000E+01  7.75331E+00  5.20761E+00  2.54571E+00  6.12254E+00  8.04462E-01  1.04416E-02  2.77198E-01  5.84852E-02  2.87712E-02
  6.30000E+01  6.81948E+00  4.58927E+00  2.23021E+00  5.42099E+00  6.78052E-01  9.76718E-03  2.51473E-01  5.40821E-02  2.73027E-02
  6.40000E+01  6.05135E+00  4.07987E+00  1.97148E+00  4.83650E+00  5.78591E-01  9.17758E-03  2.29906E-01  5.02674E-02  2.59855E-02
  6.50000E+01  5.41285E+00  3.65592E+00  1.75692E+00  4.34521E+00  4.99195E-01  8.65967E-03  2.11699E-01  4.69421E-02  2.48040E-02
  6.60000E+01  4.87710E+00  3.29988E+00  1.57721E+00  3.92901E+00  4.34963E-01  8.20279E-03  1.96243E-01  4.40289E-02  2.37449E-02
  6.70000E+01  4.42386E+00  2.99851E+00  1.42535E+00  3.57395E+00  3.82354E-01  7.79829E-03  1.83067E-01  4.14671E-02  2.27972E-02
  6.80000E+01  4.03766E+00  2.74166E+00  1.29601E+00  3.26921E+00  3.38781E-01  7.43903E-03  1.71806E-01  3.92084E-02  2.19514E-02
  6.90000E+01  3.70658E+00  2.52149E+00  1.18508E+00  3.00628E+00  3.02322E-01  7.11909E-03  1.62173E-01  3.72142E-02  2.11999E-02
  7.00000E+01  3.42127E+00  2.33188E+00  1.08939E+00  2.77842E+00  2.71532E-01  6.83351E-03  1.53942E-01  3.54534E-02  2.05362E-02
  7.10000E+01  3.17442E+00  2.16799E+00  1.00643E+00  2.58026E+00  2.45309E-01  6.57813E-03  1.46933E-01  3.39014E-02  1.99553E-02
  7.20000E+01  2.96019E+00  2.02600E+00  9.34196E-01  2.40750E+00  2.22803E-01  6.34943E-03  1.41006E-01  3.25384E-02  1.94532E-02
  7.30000E+01  2.77395E+00  1.90284E+00  8.71111E-01  2.25665E+00  2.03353E-01  6.14439E-03  1.36051E-01  3.13489E-02  1.90271E-02
  7.40000E+01  2.61197E+00  1.79607E+00  8.15897E-01  2.12493E+00  1.86434E-01  5.96045E-03  1.31981E-01  3.03211E-02  1.86753E-02
  7.50000E+01  2.47127E+00  1.70375E+00  7.67525E-01  2.01006E+00  1.71631E-01  5.79539E-03  1.28733E-01  2.94466E-02  1.83974E-02
  7.60000E+01  2.34951E+00  1.62434E+00  7.25170E-01  1.91025E+00  1.58610E-01  5.64731E-03  1.26261E-01  2.87202E-02  1.81938E-02
  7.70000E+01  2.24481E+00  1.55664E+00  6.88169E-01  1.82406E+00  1.47098E-01  5.51456E-03  1.24537E-01  2.81395E-02  1.80666E-02
  7.80000E+01  2.15575E+00  1.49975E+00  6.55999E-01  1.75042E+00  1.36875E-01  5.39570E-03  1.23549E-01  2.77055E-02  1.80191E-02
  7.90000E+01  2.08130E+00  1.45304E+00  6.28258E-01  1.68853E+00  1.27757E-01  5.28946E-03  1.23299E-01  2.74224E-02  1.80567E-02
  8.00000E+01  2.02079E+00  1.41614E+00  6.04650E-01  1.63789E+00  1.19593E-01  5.19476E-03  1.23807E-01  2.72986E-02  1.81866E-02
  8.10000E+01  1.97392E+00  1.38893E+00  5.84986E-01  1.59828E+00  1.12257E-01  5.11063E-03  1.25109E-01  2.73467E-02  1.84185E-02
  8.20000E+01  1.94073E+00  1.37156E+00  5.69173E-01  1.56979E+00  1.05643E-01  5.03622E-03  1.27262E-01  2.75852E-02  1.87658E-02
  8.30000E+01  1.92170E+00  1.36447E+00  5.57231E-01  1.55282E+00  9.96605E-02  4.97079E-03  1.30345E-01  2.80394E-02  1.92457E-02
  8.40000E+01  1.91777E+00  1.36847E+00  5.49299E-01  1.54821E+00  9.42345E-02  4.91367E-03  1.34463E-01  2.87440E-02  1.98813E-02
  8.50000E+01  1.93047E+00  1.38481E+00  5.45662E-01  1.55726E+00  8.92998E-02  4.86429E-03  1.39756E-01  2.97458E-02  2.07028E-02
  8.60000E+01  1.96209E+00  1.41531E+00  5.46786E-01  1.58191E+00  8.48006E-02  4.82214E-03  1.46408E-01  3.11080E-02  2.17508E-02
  8.70000E+01  2.01592E+00  1.46255E+00  5.53374E-01  1.62497E+00  8.06891E-02  4.78675E-03  1.54653E-01  3.29166E-02  2.30797E-02
  8.80000E+01  2.09659E+00  1.53014E+00  5.66453E-01  1.69040E+00  7.69239E-02  4.75772E-03  1.64801E-01  3.52895E-02  2.47636E-02
  8.90000E+01  2.21065E+00  1.62316E+00  5.87496E-01  1.78381E+00  7.34689E-02  4.73470E-03  1.77253E-01  3.83896E-02  2.69044E-02
  9.00000E+01  2.36735E+00  1.74874E+00  6.18611E-01  1.91314E+00  7.02928E-02  4.71737E-03  1.92541E-01  4.24450E-02  2.96443E-02
  9.10000E+01  2.57980E+00  1.91698E+00  6.62817E-01  2.08971E+00  6.73682E-02  4.70546E-03  2.11370E-01  4.77783E-02  3.31836E-02
  9.20000E+01  2.86671E+00  2.14227E+00  7.24442E-01  2.32970E+00  6.46711E-02  4.69871E-03  2.34689E-01  5.48483E-02  3.78066E-02
  9.30000E+01  3.25463E+00  2.44498E+00  8.09658E-01  2.65613E+00  6.21802E-02  4.69691E-03  2.63791E-01  6.43059E-02  4.39163E-02
  9.40000E+01  3.78040E+00  2.85336E+00  9.27039E-01  3.10095E+00  5.98768E-02  4.69988E-03  3.00447E-01  7.70534E-02  5.20701E-02
  9.50000E+01  4.49171E+00  3.40404E+00  1.08766E+00  3.70536E+00  5.77445E-02  4.70745E-03  3.47107E-01  9.42522E-02  6.29844E-02
  9.60000E+01  5.43890E+00  4.13586E+00  1.30304E+00  4.51199E+00  5.57684E-02  4.71948E-03  4.07134E-01  1.17100E-01  7.73943E-02
  9.70000E+01  6.64019E+00  5.06363E+00  1.57655E+00  5.53268E+00  5.39356E-02  4.73585E-03  4.85053E-01  1.45914E-01  9.54822E-02
  9.80000E+01  7.99480E+00  6.11258E+00  1.88222E+00  6.66844E+00  5.22343E-02  4.75645E-03  5.86708E-01  1.77856E-01  1.15461E-01
  9.90000E+01  9.17643E+00  7.03786E+00  2.13857E+00  7.61134E+00  5.06541E-02  4.78122E-03  7.19421E-01  2.04146E-01  1.31836E-01
  1.00000E+02  9.73132E+00  7.49887E+00  2.23245E+00  7.93372E+00  4.91858E-02  4.81007E-03  8.92878E-01  2.12592E-01  1.36979E-01
  1.01000E+02  9.52167E+00  7.39450E+00  2.12716E+00  7.49481E+00  4.78208E-02  4.84296E-03  1.12003E+00  1.99136E-01  1.28315E-01
  1.02000E+02  8.91315E+00  7.00350E+00  1.90965E+00  6.61937E+00  4.65517E-02  4.87985E-03  1.41139E+00  1.72955E-01  1.11525E-01
  1.03000E+02  8.33705E+00  6.64861E+00  1.68843E+00  5.71833E+00  4.53718E-02  4.92072E-03  1.75368E+00  1.45777E-01  9.40019E-02
  1.04000E+02  7.90540E+00  6.39767E+00  1.50773E+00  4.97325E+00  4.42748E-02  4.96557E-03  2.07467E+00  1.23064E-01  7.95361E-02
  1.05000E+02  7.42905E+00  6.07610E+00  1.35294E+00  4.35780E+00  4.32552E-02  5.01439E-03  2.23871E+00  1.04649E-01  6.87348E-02
  1.06000E+02  6.70611E+00  5.50847E+00  1.19764E+00  3.79317E+00  4.23082E-02  5.06721E-03  2.14760E+00  8.87084E-02  6.09978E-02
  1.07000E+02  5.78486E+00  4.74373E+00  1.04113E+00  3.26523E+00  4.14290E-02  5.12405E-03  1.85518E+00  7.45917E-02  5.57152E-02
  1.08000E+02  4.86991E+00  3.96896E+00  9.00946E-01  2.81016E+00  4.06138E-02  5.18495E-03  1.50118E+00  6.27024E-02  5.25239E-02
  1.09000E+02  4.10234E+00  3.31332E+00  7.89025E-01  2.45195E+00  3.98587E-02  5.24998E-03  1.18282E+00  5.32751E-02  5.11939E-02
  1.10000E+02  3.51623E+00  2.80952E+00  7.06714E-01  2.18880E+00  3.91604E-02  5.31920E-03  9.30624E-01  4.60904E-02  5.15813E-02
  1.11000E+02  3.09280E+00  2.44229E+00  6.50511E-01  2.00774E+00  3.85160E-02  5.39268E-03  7.40709E-01  4.07487E-02  5.36537E-02
  1.12000E+02  2.80250E+00  2.18596E+00  6.16533E-01  1.89612E+00  3.79225E-02  5.47052E-03  5.99818E-01  3.68809E-02  5.75197E-02
  1.13000E+02  2.62143E+00  2.01918E+00  6.02253E-01  1.84591E+00  3.73776E-02  5.55283E-03  4.95271E-01  3.42194E-02  6.34578E-02
  1.14000E+02  2.53532E+00  1.92837E+00  6.06951E-01  1.85476E+00  3.68790E-02  5.63972E-03  4.17345E-01  3.26057E-02  7.19587E-02
  1.15000E+02  2.53974E+00  1.90788E+00  6.31863E-01  1.92636E+00  3.64247E-02  5.73132E-03  3.59174E-01  3.19829E-02  8.37908E-02
  1.16000E+02  2.63987E+00  1.95952E+00  6.80357E-01  2.07090E+00  3.60128E-02  5.82777E-03  3.16124E-01  3.23921E-02  1.00088E-01
  1.17000E+02  2.85029E+00  2.09221E+00  7.58075E-01  2.30558E+00  3.56417E-02  5.92925E-03  2.85202E-01  3.39687E-02  1.22426E-01
  1.18000E+02  3.19279E+00  2.32033E+00  8.72456E-01  2.65313E+00  3.53099E-02  6.03592E-03  2.64567E-01  3.69219E-02  1.52731E-01
  1.19000E+02  3.68603E+00  2.65629E+00  1.02975E+00  3.13258E+00  3.50162E-02  6.14797E-03  2.52972E-01  4.14302E-02  1.92606E-01
  1.20000E+02  4.31317E+00  3.08778E+00  1.22539E+00  3.72992E+00  3.47594E-02  6.26563E-03  2.48775E-01  4.73184E-02  2.41079E-01
  1.21000E+02  4.95683E+00  3.53221E+00  1.42463E+00  4.33860E+00  3.45385E-02  6.38910E-03  2.48227E-01  5.34076E-02  2.90059E-01
  1.22000E+02  5.35850E+00  3.80811E+00  1.55039E+00  4.72238E+00  3.43526E-02  6.51864E-03  2.44390E-01  5.71083E-02  3.21492E-01
  1.23000E+02  5.26642E+00  3.73886E+00  1.52756E+00  4.65107E+00  3.42010E-02  6.65453E-03  2.30658E-01  5.58998E-02  3.17770E-01
  1.24000E+02  4.70893E+00  3.34415E+00  1.36478E+00  4.15110E+00  3.40830E-02  6.79704E-03  2.07321E-01  5.00617E-02  2.80959E-01
  1.25000E+02  3.95768E+00  2.81424E+00  1.14345E+00  3.47187E+00  3.39981E-02  6.94649E-03  1.80653E-01  4.23064E-02  2.30219E-01
  1.26000E+02  3.24721E+00  2.31339E+00  9.33827E-01  2.82866E+00  3.39460E-02  7.10323E-03  1.56091E-01  3.49757E-02  1.82084E-01
  1.27000E+02  2.66888E+00  1.90555E+00  7.63332E-01  2.30544E+00  3.39264E-02  7.26762E-03  1.35657E-01  2.89806E-02  1.43017E-01
  1.28000E+02  2.22559E+00  1.59270E+00  6.32895E-01  1.90507E+00  3.39390E-02  7.44006E-03  1.19272E-01  2.43480E-02  1.13250E-01
  1.29000E+02  1.89159E+00  1.35673E+00  5.34859E-01  1.60406E+00  3.39839E-02  7.62098E-03  1.06189E-01  2.08189E-02  9.09986E-02
  1.30000E+02  1.63921E+00  1.17822E+00  4.60991E-01  1.37717E+00  3.40611E-02  7.81085E-03  9.56389E-02  1.81152E-02  7.43366E-02
  1.31000E+02  1.44630E+00  1.04161E+00  4.04696E-01  1.20419E+00  3.41707E-02  8.01017E-03  8.70051E-02  1.60141E-02  6.17236E-02
  1.32000E+02  1.29670E+00  9.35535E-01  3.61166E-01  1.07037E+00  3.43131E-02  8.21950E-03  7.98286E-02  1.43528E-02  5.20363E-02
  1.33000E+02  1.17894E+00  8.51945E-01  3.26994E-01  9.65254E-01  3.44885E-02  8.43942E-03  7.37763E-02  1.30158E-02  4.44802E-02
  1.34000E+02  1.08494E+00  7.85157E-01  2.99783E-01  8.81501E-01  3.46974E-02  8.67060E-03  6.86058E-02  1.19214E-02  3.84968E-02
  1.35000E+02  1.00897E+00  7.31138E-01  2.77833E-01  8.13895E-01  3.49406E-02  8.91372E-03  6.41391E-02  1.10113E-02  3.36910E-02
  1.36000E+02  9.46919E-01  6.86992E-01  2.59928E-01  7.58699E-01  3.52186E-02  9.16957E-03  6.02434E-02  1.02437E-02  2.97798E-02
  1.37000E+02  8.95792E-01  6.50610E-01  2.45182E-01  7.13201E-01  3.55324E-02  9.43896E-03  5.68180E-02  9.58794E-03  2.65584E-02
  1.38000E+02  8.53382E-01  6.20436E-01  2.32946E-01  6.75403E-01  3.58829E-02  9.72282E-03  5.37853E-02  9.02133E-03  2.38760E-02
  1.39000E+02  8.18042E-01  5.95309E-01  2.22733E-01  6.43814E-01  3.62713E-02  1.00221E-02  5.10846E-02  8.52674E-03  2.16201E-02
  1.40000E+02  7.88525E-01  5.74347E-01  2.14177E-01  6.17308E-01  3.66989E-02  1.03380E-02  4.86678E-02  8.09110E-03  1.97059E-02
  1.41000E+02  7.63877E-01  5.56878E-01  2.06999E-01  5.95024E-01  3.71670E-02  1.06716E-02  4.64962E-02  7.70428E-03  1.80684E-02
  1.42000E+02  7.43364E-01  5.42383E-01  2.00981E-01  5.76298E-01  3.76772E-02  1.10243E-02  4.45386E-02  7.35836E-03  1.66573E-02
  1.43000E+02  7.26412E-01  5.30456E-01  1.95956E-01  5.60614E-01  3.82315E-02  1.13974E-02  4.27691E-02  7.04704E-03  1.54331E-02
  1.44000E+02  7.12575E-01  5.20784E-01  1.91792E-01  5.47569E-01  3.88317E-02  1.17927E-02  4.11667E-02  6.76528E-03  1.43648E-02
  1.45000E+02  7.01504E-01  5.13119E-01  1.88385E-01  5.36845E-01  3.94801E-02  1.22118E-02  3.97135E-02  6.50899E-03  1.34274E-02
  1.46000E+02  6.92924E-01  5.07269E-01  1.85656E-01  5.28193E-01  4.01790E-02  1.26567E-02  3.83950E-02  6.27484E-03  1.26010E-02
  1.47000E+02  6.86625E-01  5.03085E-01  1.83539E-01  5.21420E-01  4.09313E-02  1.31296E-02  3.71987E-02  6.06007E-03  1.18692E-02
  1.48000E+02  6.82442E-01  5.00456E-01  1.81986E-01  5.16374E-01  4.17399E-02  1.36328E-02  3.61142E-02  5.86239E-03  1.12187E-02
  1.49000E+02  6.80258E-01  4.99299E-01  1.80959E-01  5.12942E-01  4.26081E-02  1.41690E-02  3.51330E-02  5.67991E-03  1.06387E-02
  1.50000E+02  6.79986E-01  4.99556E-01  1.80430E-01  5.11040E-01  4.35395E-02  1.47413E-02  3.42478E-02  5.51101E-03  1.01199E-02
  1.51000E+02  6.81573E-01  5.01193E-01  1.80380E-01  5.10613E-01  4.45381E-02  1.53530E-02  3.34526E-02  5.35433E-03  9.65500E-03
  1.52000E+02  6.84995E-01  5.04198E-01  1.80797E-01  5.11629E-01  4.56084E-02  1.60079E-02  3.27426E-02  5.20874E-03  9.23755E-03
  1.53000E+02  6.90252E-01  5.08576E-01  1.81676E-01  5.14076E-01  4.67553E-02  1.67101E-02  3.21139E-02  5.07325E-03  8.86229E-03
  1.54000E+02  6.97370E-01  5.14351E-01  1.83018E-01  5.17965E-01  4.79843E-02  1.74647E-02  3.15636E-02  4.94704E-03  8.52478E-03
  1.55000E+02  7.06400E-01  5.21568E-01  1.84832E-01  5.23327E-01  4.93013E-02  1.82770E-02  3.10896E-02  4.82939E-03  8.22131E-03
  1.56000E+02  7.17418E-01  5.30287E-01  1.87132E-01  5.30213E-01  5.07131E-02  1.91532E-02  3.06908E-02  4.71972E-03  7.94872E-03
  1.57000E+02  7.30528E-01  5.40592E-01  1.89936E-01  5.38696E-01  5.22271E-02  2.01007E-02  3.03669E-02  4.61752E-03  7.70442E-03
  1.58000E+02  7.45862E-01  5.52589E-01  1.93274E-01  5.48872E-01  5.38516E-02  2.11276E-02  3.01183E-02  4.52237E-03  7.48622E-03
  1.59000E+02  7.63584E-01  5.66406E-01  1.97178E-01  5.60861E-01  5.55958E-02  2.22434E-02  2.99465E-02  4.43394E-03  7.29236E-03
  1.60000E+02  7.83895E-01  5.82203E-01  2.01693E-01  5.74815E-01  5.74702E-02  2.34592E-02  2.98539E-02  4.35195E-03  7.12141E-03
  1.61000E+02  8.07037E-01  6.00168E-01  2.06870E-01  5.90915E-01  5.94862E-02  2.47880E-02  2.98441E-02  4.27622E-03  6.97229E-03
  1.62000E+02  8.33301E-01  6.20529E-01  2.12772E-01  6.09383E-01  6.16569E-02  2.62448E-02  2.99218E-02  4.20662E-03  6.84421E-03
  1.63000E+02  8.63035E-01  6.43560E-01  2.19475E-01  6.30483E-01  6.39969E-02  2.78478E-02  3.00930E-02  4.14308E-03  6.73669E-03
  1.64000E+02  8.96654E-01  6.69584E-01  2.27070E-01  6.54536E-01  6.65228E-02  2.96182E-02  3.03654E-02  4.08564E-03  6.64957E-03
  1.65000E+02  9.34658E-01  6.98992E-01  2.35667E-01  6.81925E-01  6.92532E-02  3.15817E-02  3.07488E-02  4.03438E-03  6.58299E-03
  1.66000E+02  9.77646E-01  7.32251E-01  2.45394E-01  7.13112E-01  7.22095E-02  3.37690E-02  3.12551E-02  3.98950E-03  6.53744E-03
  1.67000E+02  1.02634E+00  7.69926E-01  2.56412E-01  7.48655E-01  7.54158E-02  3.62179E-02  3.18991E-02  3.95128E-03  6.51379E-03
  1.68000E+02  1.08161E+00  8.12701E-01  2.68911E-01  7.89234E-01  7.88997E-02  3.89746E-02  3.26991E-02  3.92013E-03  6.51336E-03
  1.69000E+02  1.14453E+00  8.61407E-01  2.83125E-01  8.35676E-01  8.26931E-02  4.20964E-02  3.36774E-02  3.89661E-03  6.53798E-03
  1.70000E+02  1.21641E+00  9.17069E-01  2.99340E-01  8.88999E-01  8.68325E-02  4.56553E-02  3.48622E-02  3.88144E-03  6.59010E-03
  1.71000E+02  1.29886E+00  9.80949E-01  3.17909E-01  9.50461E-01  9.13601E-02  4.97424E-02  3.62882E-02  3.87559E-03  6.67296E-03
  1.72000E+02  1.39390E+00  1.05462E+00  3.39276E-01  1.02163E+00  9.63250E-02  5.44747E-02  3.79991E-02  3.88027E-03  6.79077E-03
  1.73000E+02  1.50407E+00  1.14007E+00  3.63995E-01  1.10448E+00  1.01784E-01  6.00046E-02  4.00499E-02  3.89708E-03  6.94898E-03
  1.74000E+02  1.63259E+00  1.23982E+00  3.92776E-01  1.20152E+00  1.07806E-01  6.65328E-02  4.25110E-02  3.92809E-03  7.15466E-03
  1.75000E+02  1.78362E+00  1.35709E+00  4.26528E-01  1.31597E+00  1.14468E-01  7.43280E-02  4.54726E-02  3.97595E-03  7.41704E-03
  1.76000E+02  1.96253E+00  1.49609E+00  4.66442E-01  1.45198E+00  1.21864E-01  8.37554E-02  4.90520E-02  4.04419E-03  7.74820E-03
  1.77000E+02  2.17644E+00  1.66235E+00  5.14086E-01  1.61502E+00  1.30108E-01  9.53182E-02  5.34032E-02  4.13745E-03  8.16413E-03
  1.78000E+02  2.43480E+00  1.86323E+00  5.71561E-01  1.81238E+00  1.39332E-01  1.09719E-01  5.87313E-02  4.26193E-03  8.68618E-03
  1.79000E+02  2.75040E+00  2.10869E+00  6.41718E-01  2.05383E+00  1.49701E-01  1.27949E-01  6.53127E-02  4.42601E-03  9.34325E-03
  1.80000E+02  3.14077E+00  2.41231E+00  7.28462E-01  2.35276E+00  1.61411E-01  1.51401E-01  7.35251E-02  4.64119E-03  1.01749E-02
  1.81000E+02  3.63008E+00  2.79291E+00  8.37168E-01  2.72769E+00  1.74707E-01  1.81994E-01  8.38917E-02  4.92340E-03  1.12360E-02
  1.82000E+02  4.25172E+00  3.27656E+00  9.75168E-01  3.20459E+00  1.89888E-01  2.22182E-01  9.71465E-02  5.29505E-03  1.26037E-02
  1.83000E+02  5.05127E+00  3.89919E+00  1.15208E+00  3.82028E+00  2.07325E-01  2.74470E-01  1.14330E-01  5.78789E-03  1.43872E-02
  1.84000E+02  6.08816E+00  4.70888E+00  1.37928E+00  4.62715E+00  2.27470E-01  3.39470E-01  1.36924E-01  6.44713E-03  1.67422E-02
  1.85000E+02  7.43377E+00  5.76626E+00  1.66752E+00  5.69898E+00  2.50864E-01  4.11125E-01  1.67012E-01  7.33650E-03  1.98880E-02
  1.86000E+02  9.16641E+00  7.14290E+00  2.02352E+00  7.13549E+00  2.78150E-01  4.71035E-01  2.07414E-01  8.54213E-03  2.41209E-02
  1.87000E+02  1.13746E+01  8.92150E+00  2.45311E+00  9.05603E+00  3.10154E-01  4.94181E-01  2.61505E-01  1.01671E-02  2.97958E-02
  1.88000E+02  1.41497E+01  1.11794E+01  2.97036E+00  1.15539E+01  3.48075E-01  4.73023E-01  3.31921E-01  1.22921E-02  3.71899E-02
  1.89000E+02  1.74436E+01  1.38679E+01  3.57567E+00  1.45508E+01  3.93637E-01  4.27322E-01  4.16448E-01  1.48492E-02  4.60704E-02
  1.90000E+02  2.07192E+01  1.65371E+01  4.18215E+00  1.75143E+01  4.49153E-01  3.82129E-01  5.00034E-01  1.73785E-02  5.48541E-02
  1.91000E+02  2.27681E+01  1.81933E+01  4.57479E+00  1.93186E+01  5.17679E-01  3.50896E-01  5.50849E-01  1.89068E-02  6.01932E-02
  1.92000E+02  2.24894E+01  1.79348E+01  4.55458E+00  1.89495E+01  6.03368E-01  3.37301E-01  5.40219E-01  1.85577E-02  5.90722E-02
  1.93000E+02  2.01454E+01  1.59731E+01  4.17233E+00  1.66364E+01  7.12013E-01  3.41468E-01  4.74629E-01  1.65293E-02  5.21729E-02
  1.94000E+02  1.70571E+01  1.33827E+01  3.67443E+00  1.35674E+01  8.51813E-01  3.63554E-01  3.87668E-01  1.38484E-02  4.30279E-02
  1.95000E+02  1.43032E+01  1.10383E+01  3.26495E+00  1.07026E+01  1.03444E+00  4.05203E-01  3.06480E-01  1.13448E-02  3.44924E-02
  1.96000E+02  1.23081E+01  9.27751E+00  3.03063E+00  8.39542E+00  1.27637E+00  4.70161E-01  2.41062E-01  9.32384E-03  2.76174E-02
  1.97000E+02  1.11209E+01  8.12809E+00  2.99282E+00  6.64474E+00  1.60008E+00  5.64571E-01  1.91376E-01  7.78454E-03  2.23992E-02
  1.98000E+02  1.06824E+01  7.52628E+00  3.15607E+00  5.33943E+00  2.03312E+00  6.96557E-01  1.54281E-01  6.63081E-03  1.85075E-02
  1.99000E+02  1.09204E+01  7.39992E+00  3.52051E+00  4.36420E+00  2.59935E+00  8.73279E-01  1.26518E-01  5.76301E-03  1.55994E-02
  2.00000E+02  1.17112E+01  7.65363E+00  4.05758E+00  3.62776E+00  3.28897E+00  1.09116E+00  1.05506E-01  5.10222E-03  1.34035E-02
  2.01000E+02  1.27333E+01  8.08592E+00  4.64739E+00  3.06382E+00  3.99576E+00  1.31553E+00  8.93700E-02  4.59112E-03  1.17227E-02
  2.02000E+02  1.33551E+01  8.32327E+00  5.03184E+00  2.62556E+00  4.47139E+00  1.46576E+00  7.67858E-02  4.18923E-03  1.04178E-02
  2.03000E+02  1.29389E+01  7.99242E+00  4.94649E+00  2.28006E+00  4.45834E+00  1.45831E+00  6.68227E-02  3.86807E-03  9.39102E-03
  2.04000E+02  1.14807E+01  7.08484E+00  4.39590E+00  2.00404E+00  3.96596E+00  1.29609E+00  5.88220E-02  3.60752E-03  8.57308E-03
  2.05000E+02  9.57983E+00  5.93847E+00  3.64136E+00  1.78084E+00  3.25883E+00  1.06468E+00  5.23121E-02  3.39314E-03  7.91451E-03
  2.06000E+02  7.78684E+00  4.86471E+00  2.92213E+00  1.59838E+00  2.57855E+00  8.42230E-01  4.69512E-02  3.21447E-03  7.37944E-03
  2.07000E+02  6.32302E+00  3.98761E+00  2.33541E+00  1.44777E+00  2.02411E+00  6.60734E-01  4.24875E-02  3.06383E-03  6.94152E-03
  2.08000E+02  5.19648E+00  3.31001E+00  1.88646E+00  1.32238E+00  1.60212E+00  5.22289E-01  3.87335E-02  2.93547E-03  6.58115E-03
  2.09000E+02  4.34438E+00  2.79467E+00  1.54971E+00  1.21723E+00  1.28807E+00  4.18917E-01  3.55474E-02  2.82504E-03  6.28354E-03
  2.10000E+02  3.69859E+00  2.40162E+00  1.29697E+00  1.12850E+00  1.05459E+00  3.41728E-01  3.28206E-02  2.72924E-03  6.03743E-03
  2.11000E+02  3.20425E+00  2.09872E+00  1.10553E+00  1.05322E+00  8.79589E-01  2.83540E-01  3.04691E-02  2.64549E-03  5.83416E-03
  2.12000E+02  2.82108E+00  1.86233E+00  9.58751E-01  9.89090E-01  7.46932E-01  2.39103E-01  2.84271E-02  2.57178E-03  5.66699E-03
  2.13000E+02  2.52042E+00  1.67558E+00  8.44840E-01  9.34295E-01  6.45215E-01  2.04703E-01  2.66425E-02  2.50652E-03  5.53065E-03
  2.14000E+02  2.28199E+00  1.52649E+00  7.55494E-01  8.87384E-01  5.66446E-01  1.77731E-01  2.50737E-02  2.44843E-03  5.42100E-03
  2.15000E+02  2.09134E+00  1.40650E+00  6.84838E-01  8.47198E-01  5.05004E-01  1.56345E-01  2.36872E-02  2.39651E-03  5.33476E-03
  2.16000E+02  1.93811E+00  1.30943E+00  6.28680E-01  8.12802E-01  4.56903E-01  1.39235E-01  2.24557E-02  2.34992E-03  5.26936E-03
  2.17000E+02  1.81477E+00  1.23077E+00  5.83999E-01  7.83438E-01  4.19293E-01  1.25455E-01  2.13570E-02  2.30798E-03  5.22275E-03
  2.18000E+02  1.71581E+00  1.16721E+00  5.48602E-01  7.58488E-01  3.90124E-01  1.14317E-01  2.03726E-02  2.27015E-03  5.19335E-03
  2.19000E+02  1.63718E+00  1.11629E+00  5.20891E-01  7.37449E-01  3.67921E-01  1.05316E-01  1.94873E-02  2.23597E-03  5.17993E-03
  2.20000E+02  1.57592E+00  1.07621E+00  4.99706E-01  7.19910E-01  3.51630E-01  9.80823E-02  1.86882E-02  2.20506E-03  5.18158E-03
  2.21000E+02  1.52987E+00  1.04565E+00  4.84222E-01  7.05534E-01  3.40519E-01  9.23419E-02  1.79647E-02  2.17710E-03  5.19763E-03
  2.22000E+02  1.49756E+00  1.02368E+00  4.73874E-01  6.94051E-01  3.34110E-01  8.78981E-02  1.73076E-02  2.15184E-03  5.22765E-03
  2.23000E+02  1.47801E+00  1.00970E+00  4.68315E-01  6.85241E-01  3.32136E-01  8.46139E-02  1.67092E-02  2.12907E-03  5.27143E-03
  2.24000E+02  1.47076E+00  1.00338E+00  4.67388E-01  6.78932E-01  3.34522E-01  8.24024E-02  1.61630E-02  2.10859E-03  5.32892E-03
  2.25000E+02  1.47577E+00  1.00466E+00  4.71117E-01  6.74992E-01  3.41374E-01  8.12213E-02  1.56633E-02  2.09028E-03  5.40026E-03
  2.26000E+02  1.49346E+00  1.01375E+00  4.79712E-01  6.73323E-01  3.52993E-01  8.10705E-02  1.52052E-02  2.07401E-03  5.48577E-03
  2.27000E+02  1.52474E+00  1.03116E+00  4.93588E-01  6.73862E-01  3.69898E-01  8.19944E-02  1.47845E-02  2.05968E-03  5.58593E-03
  2.28000E+02  1.57113E+00  1.05773E+00  5.13403E-01  6.76573E-01  3.92874E-01  8.40868E-02  1.43976E-02  2.04723E-03  5.70140E-03
  2.29000E+02  1.63486E+00  1.09473E+00  5.40123E-01  6.81451E-01  4.23041E-01  8.75014E-02  1.40412E-02  2.03661E-03  5.83302E-03
  2.30000E+02  1.71911E+00  1.14400E+00  5.75117E-01  6.88518E-01  4.61969E-01  9.24685E-02  1.37126E-02  2.02779E-03  5.98185E-03
  2.31000E+02  1.82839E+00  1.20809E+00  6.20299E-01  6.97825E-01  5.11842E-01  9.93206E-02  1.34094E-02  2.02074E-03  6.14914E-03
  2.32000E+02  1.96896E+00  1.29061E+00  6.78345E-01  7.09452E-01  5.75698E-01  1.08531E-01  1.31293E-02  2.01548E-03  6.33642E-03
  2.33000E+02  2.14963E+00  1.39662E+00  7.53013E-01  7.23512E-01  6.57802E-01  1.20771E-01  1.28706E-02  2.01203E-03  6.54548E-03
  2.34000E+02  2.38290E+00  1.53328E+00  8.49618E-01  7.40150E-01  7.64182E-01  1.37001E-01  1.26314E-02  2.01042E-03  6.77842E-03
  2.35000E+02  2.68648E+00  1.71076E+00  9.75728E-01  7.59550E-01  9.03420E-01  1.58589E-01  1.24104E-02  2.01072E-03  7.03773E-03
  2.36000E+02  3.08568E+00  1.94355E+00  1.14213E+00  7.81938E-01  1.08776E+00  1.87497E-01  1.22063E-02  2.01302E-03  7.32633E-03
  2.37000E+02  3.61606E+00  2.25205E+00  1.36401E+00  8.07591E-01  1.33443E+00  2.26490E-01  1.20178E-02  2.01742E-03  7.64764E-03
  2.38000E+02  4.32544E+00  2.66365E+00  1.66179E+00  8.36844E-01  1.66665E+00  2.79292E-01  1.18440E-02  2.02405E-03  8.00570E-03
  2.39000E+02  5.27022E+00  3.21067E+00  2.05956E+00  8.70097E-01  2.11174E+00  3.50295E-01  1.16839E-02  2.03308E-03  8.40529E-03
  2.40000E+02  6.49169E+00  3.91680E+00  2.57490E+00  9.07834E-01  2.68964E+00  4.42698E-01  1.15367E-02  2.04473E-03  8.85207E-03
  2.41000E+02  7.94310E+00  4.75545E+00  3.18765E+00  9.50638E-01  3.37722E+00  5.52779E-01  1.14016E-02  2.05923E-03  9.35277E-03
  2.42000E+02  9.35486E+00  5.57273E+00  3.78212E+00  9.99210E-01  4.04244E+00  6.59299E-01  1.12781E-02  2.07690E-03  9.91544E-03
  2.43000E+02  1.01871E+01  6.06031E+00  4.12674E+00  1.05440E+00  4.42116E+00  7.19777E-01  1.11655E-02  2.09810E-03  1.05498E-02
  2.44000E+02  9.99462E+00  5.96409E+00  4.03053E+00  1.11724E+00  4.29546E+00  6.99163E-01  1.10633E-02  2.12329E-03  1.12675E-02
  2.45000E+02  8.93495E+00  5.37428E+00  3.56068E+00  1.18899E+00  3.74158E+00  6.09716E-01  1.09711E-02  2.15303E-03  1.20829E-02
  2.46000E+02  7.57501E+00  4.61520E+00  2.95981E+00  1.27120E+00  3.03566E+00  4.95841E-01  1.08885E-02  2.18799E-03  1.30136E-02
  2.47000E+02  6.34514E+00  3.93318E+00  2.41196E+00  1.36579E+00  2.38690E+00  3.91183E-01  1.08151E-02  2.22904E-03  1.40811E-02
  2.48000E+02  5.39576E+00  3.41472E+00  1.98104E+00  1.47518E+00  1.86757E+00  3.07359E-01  1.07506E-02  2.27722E-03  1.53125E-02
  2.49000E+02  4.72255E+00  3.05800E+00  1.66455E+00  1.60237E+00  1.47400E+00  2.43778E-01  1.06948E-02  2.33387E-03  1.67419E-02
  2.50000E+02  4.27633E+00  2.83576E+00  1.44057E+00  1.75121E+00  1.18022E+00  1.96261E-01  1.06473E-02  2.40068E-03  1.84123E-02
  2.51000E+02  4.00893E+00  2.72158E+00  1.28735E+00  1.92665E+00  9.60160E-01  1.60617E-01  1.06081E-02  2.47984E-03  2.03794E-02
  2.52000E+02  3.88527E+00  2.69681E+00  1.18846E+00  2.13510E+00  7.93411E-01  1.33561E-01  1.05770E-02  2.57416E-03  2.27152E-02
  2.53000E+02  3.88390E+00  2.75107E+00  1.13284E+00  2.38501E+00  6.65186E-01  1.12713E-01  1.05538E-02  2.68737E-03  2.55144E-02
  2.54000E+02  3.99525E+00  2.88134E+00  1.11390E+00  2.68762E+00  5.65053E-01  9.63958E-02  1.05385E-02  2.82440E-03  2.89034E-02
  2.55000E+02  4.22018E+00  3.09149E+00  1.12869E+00  3.05812E+00  4.85677E-01  8.34280E-02  1.05309E-02  2.99191E-03  3.30525E-02
  2.56000E+02  4.56982E+00  3.39243E+00  1.17739E+00  3.51730E+00  4.21861E-01  7.29734E-02  1.05311E-02  3.19905E-03  3.81950E-02
  2.57000E+02  5.06675E+00  3.80344E+00  1.26331E+00  4.09401E+00  3.69881E-01  6.44324E-02  1.05390E-02  3.45845E-03  4.46547E-02
  2.58000E+02  5.74788E+00  4.35453E+00  1.39335E+00  4.82883E+00  3.27035E-01  5.73695E-02  1.05547E-02  3.78791E-03  5.28869E-02
  2.59000E+02  6.66940E+00  5.09049E+00  1.57891E+00  5.77931E+00  2.91330E-01  5.14638E-02  1.05781E-02  4.21266E-03  6.35373E-02
  2.60000E+02  7.91391E+00  6.07655E+00  1.83736E+00  7.02731E+00  2.61279E-01  4.64754E-02  1.06095E-02  4.76854E-03  7.75244E-02
  2.61000E+02  9.59928E+00  7.40534E+00  2.19394E+00  8.68761E+00  2.35757E-01  4.22229E-02  1.06488E-02  5.50585E-03  9.61362E-02
  2.62000E+02  1.18840E+01  9.20113E+00  2.68284E+00  1.09133E+01  2.13900E-01  3.85670E-02  1.06962E-02  6.49163E-03  1.21090E-01
  2.63000E+02  1.49510E+01  1.16073E+01  3.34369E+00  1.38806E+01  1.95040E-01  3.53998E-02  1.07519E-02  7.80301E-03  1.54363E-01
  2.64000E+02  1.89184E+01  1.47163E+01  4.20203E+00  1.77032E+01  1.78653E-01  3.26364E-02  1.08161E-02  9.48988E-03  1.97232E-01
  2.65000E+02  2.35770E+01  1.83649E+01  5.21206E+00  2.21822E+01  1.64323E-01  3.02098E-02  1.08889E-02  1.14652E-02  2.47464E-01
  2.66000E+02  2.79393E+01  2.17811E+01  6.15818E+00  2.63747E+01  1.51719E-01  2.80662E-02  1.09706E-02  1.33163E-02  2.94480E-01
  2.67000E+02  3.01772E+01  2.35357E+01  6.64146E+00  2.85346E+01  1.40571E-01  2.61621E-02  1.10611E-02  1.42791E-02  3.18688E-01
  2.68000E+02  2.89732E+01  2.25988E+01  6.37442E+00  2.74037E+01  1.30663E-01  2.44621E-02  1.11608E-02  1.38028E-02  3.05971E-01
  2.69000E+02  2.50551E+01  1.95394E+01  5.51573E+00  2.36776E+01  1.21814E-01  2.29372E-02  1.12700E-02  1.21922E-02  2.64134E-01
  2.70000E+02  2.03036E+01  1.58280E+01  4.47564E+00  1.91535E+01  1.13878E-01  2.15633E-02  1.13892E-02  1.02338E-02  2.13341E-01
  2.71000E+02  1.60263E+01  1.24870E+01  3.53931E+00  1.50809E+01  1.06731E-01  2.03206E-02  1.15191E-02  8.47452E-03  1.67612E-01
  2.72000E+02  1.26335E+01  9.83728E+00  2.79624E+00  1.18519E+01  1.00271E-01  1.91921E-02  1.16600E-02  7.08625E-03  1.31347E-01
  2.73000E+02  1.00725E+01  7.83759E+00  2.23487E+00  9.41643E+00  9.44117E-02  1.81639E-02  1.18126E-02  6.04706E-03  1.03984E-01
  2.74000E+02  8.16413E+00  6.34801E+00  1.81613E+00  7.60351E+00  8.90786E-02  1.72238E-02  1.19774E-02  5.28229E-03  8.36036E-02
  2.75000E+02  6.73655E+00  5.23409E+00  1.50246E+00  6.24896E+00  8.42099E-02  1.63617E-02  1.21551E-02  4.72019E-03  6.83649E-02
  2.76000E+02  5.65656E+00  4.39177E+00  1.26479E+00  5.22568E+00  7.97522E-02  1.55688E-02  1.23462E-02  4.30528E-03  5.68412E-02
  2.77000E+02  4.82821E+00  3.74603E+00  1.08218E+00  4.44208E+00  7.56596E-02  1.48375E-02  1.25516E-02  3.99765E-03  4.80048E-02
  2.78000E+02  4.18387E+00  3.24402E+00  9.39847E-01  3.83362E+00  7.18924E-02  1.41614E-02  1.27720E-02  3.76922E-03  4.11317E-02
  2.79000E+02  3.67599E+00  2.84859E+00  8.27408E-01  3.35494E+00  6.84163E-02  1.35348E-02  1.30086E-02  3.60033E-03  3.57128E-02
  2.80000E+02  3.27087E+00  2.53338E+00  7.37496E-01  2.97390E+00  6.52014E-02  1.29527E-02  1.32622E-02  3.47715E-03  3.13875E-02
  2.81000E+02  2.94435E+00  2.27952E+00  6.64831E-01  2.66746E+00  6.22216E-02  1.24108E-02  1.35340E-02  3.38985E-03  2.78972E-02
  2.82000E+02  2.67888E+00  2.07330E+00  6.05577E-01  2.41891E+00  5.94540E-02  1.19054E-02  1.38252E-02  3.33137E-03  2.50545E-02
  2.83000E+02  2.46155E+00  1.90464E+00  5.56907E-01  2.21595E+00  5.68783E-02  1.14330E-02  1.41374E-02  3.29666E-03  2.27215E-02
  2.84000E+02  2.28273E+00  1.76602E+00  5.16716E-01  2.04942E+00  5.44769E-02  1.09906E-02  1.44720E-02  3.28207E-03  2.07953E-02
  2.85000E+02  2.13518E+00  1.65177E+00  4.83416E-01  1.91241E+00  5.22338E-02  1.05758E-02  1.48308E-02  3.28496E-03  1.91986E-02
  2.86000E+02  2.01336E+00  1.55757E+00  4.55796E-01  1.79966E+00  5.01352E-02  1.01861E-02  1.52157E-02  3.30350E-03  1.78727E-02
  2.87000E+02  1.91304E+00  1.48011E+00  4.32927E-01  1.70716E+00  4.81686E-02  9.81935E-03  1.56290E-02  3.33645E-03  1.67724E-02
  2.88000E+02  1.83092E+00  1.41683E+00  4.14090E-01  1.63178E+00  4.63227E-02  9.47380E-03  1.60729E-02  3.38305E-03  1.58632E-02
  2.89000E+02  1.76447E+00  1.36574E+00  3.98729E-01  1.57110E+00  4.45878E-02  9.14771E-03  1.65504E-02  3.44293E-03  1.51183E-02
  2.90000E+02  1.71171E+00  1.32530E+00  3.86414E-01  1.52327E+00  4.29547E-02  8.83959E-03  1.70645E-02  3.51608E-03  1.45172E-02
  2.91000E+02  1.67114E+00  1.29432E+00  3.76815E-01  1.48685E+00  4.14155E-02  8.54806E-03  1.76187E-02  3.60280E-03  1.40446E-02
  2.92000E+02  1.64159E+00  1.27191E+00  3.69684E-01  1.46075E+00  3.99629E-02  8.27190E-03  1.82171E-02  3.70373E-03  1.36892E-02
  2.93000E+02  1.62224E+00  1.25740E+00  3.64840E-01  1.44418E+00  3.85903E-02  8.00999E-03  1.88644E-02  3.81981E-03  1.34430E-02
  2.94000E+02  1.61249E+00  1.25033E+00  3.62162E-01  1.43659E+00  3.72917E-02  7.76131E-03  1.95658E-02  3.95236E-03  1.33015E-02
  2.95000E+02  1.61200E+00  1.25042E+00  3.61584E-01  1.43765E+00  3.60619E-02  7.52493E-03  2.03277E-02  4.10308E-03  1.32631E-02
  2.96000E+02  1.62065E+00  1.25756E+00  3.63089E-01  1.44725E+00  3.48958E-02  7.30003E-03  2.11571E-02  4.27417E-03  1.33288E-02
  2.97000E+02  1.63852E+00  1.27181E+00  3.66711E-01  1.46549E+00  3.37890E-02  7.08583E-03  2.20628E-02  4.46839E-03  1.35032E-02
  2.98000E+02  1.66593E+00  1.29339E+00  3.72539E-01  1.49266E+00  3.27375E-02  6.88162E-03  2.30547E-02  4.68924E-03  1.37938E-02
  2.99000E+02  1.70342E+00  1.32270E+00  3.80722E-01  1.52929E+00  3.17375E-02  6.68676E-03  2.41451E-02  4.94113E-03  1.42127E-02
  3.00000E+02  1.75185E+00  1.36037E+00  3.91477E-01  1.57620E+00  3.07855E-02  6.50067E-03  2.53487E-02  5.22968E-03  1.47766E-02
  3.01000E+02  1.81238E+00  1.40726E+00  4.05112E-01  1.63451E+00  2.98786E-02  6.32280E-03  2.66834E-02  5.56205E-03  1.55085E-02
  3.02000E+02  1.88662E+00  1.46458E+00  4.22040E-01  1.70576E+00  2.90137E-02  6.15264E-03  2.81716E-02  5.94753E-03  1.64400E-02
  3.03000E+02  1.97673E+00  1.53391E+00  4.42818E-01  1.79201E+00  2.81882E-02  5.98973E-03  2.98413E-02  6.39824E-03  1.76132E-02
  3.04000E+02  2.08559E+00  1.61739E+00  4.68197E-01  1.89604E+00  2.73997E-02  5.83366E-03  3.17284E-02  6.93026E-03  1.90859E-02
  3.05000E+02  2.21708E+00  1.71790E+00  4.99185E-01  2.02155E+00  2.66460E-02  5.68401E-03  3.38790E-02  7.56517E-03  2.09367E-02
  3.06000E+02  2.37647E+00  1.83930E+00  5.37162E-01  2.17359E+00  2.59250E-02  5.54043E-03  3.63545E-02  8.33240E-03  2.32742E-02
  3.07000E+02  2.57095E+00  1.98692E+00  5.84023E-01  2.35908E+00  2.52347E-02  5.40258E-03  3.92367E-02  9.27263E-03  2.62500E-02
  3.08000E+02  2.81051E+00  2.16810E+00  6.42412E-01  2.58762E+00  2.45734E-02  5.27014E-03  4.26372E-02  1.04428E-02  3.00782E-02
  3.09000E+02  3.10914E+00  2.39310E+00  7.16038E-01  2.87261E+00  2.39394E-02  5.14282E-03  4.67102E-02  1.19235E-02  3.50626E-02
  3.10000E+02  3.48638E+00  2.67627E+00  8.10116E-01  3.23287E+00  2.33312E-02  5.02034E-03  5.16689E-02  1.38285E-02  4.16347E-02
  3.11000E+02  3.96916E+00  3.03731E+00  9.31848E-01  3.69425E+00  2.27473E-02  4.90246E-03  5.78052E-02  1.63158E-02  5.03945E-02
  3.12000E+02  4.59237E+00  3.50180E+00  1.09058E+00  4.29033E+00  2.21865E-02  4.78893E-03  6.54955E-02  1.95904E-02  6.21230E-02
  3.13000E+02  5.39372E+00  4.09735E+00  1.29637E+00  5.05734E+00  2.16475E-02  4.67953E-03  7.51469E-02  2.38718E-02  7.76549E-02
  3.14000E+02  6.39045E+00  4.83680E+00  1.55366E+00  6.01180E+00  2.11291E-02  4.57406E-03  8.69534E-02  2.92474E-02  9.73182E-02
  3.15000E+02  7.51853E+00  5.67395E+00  1.84458E+00  7.09186E+00  2.06303E-02  4.47232E-03  1.00256E-01  3.52906E-02  1.19467E-01
  3.16000E+02  8.54818E+00  6.44226E+00  2.10592E+00  8.07593E+00  2.01501E-02  4.37413E-03  1.12658E-01  4.05308E-02  1.38448E-01
  3.17000E+02  9.12798E+00  6.88687E+00  2.24111E+00  8.62517E+00  1.96875E-02  4.27932E-03  1.20486E-01  4.27271E-02  1.45651E-01
  3.18000E+02  9.10255E+00  6.89559E+00  2.20696E+00  8.58960E+00  1.92416E-02  4.18773E-03  1.22128E-01  4.08517E-02  1.37122E-01
  3.19000E+02  8.71473E+00  6.64586E+00  2.06887E+00  8.20286E+00  1.88117E-02  4.09921E-03  1.20160E-01  3.63502E-02  1.18395E-01
  3.20000E+02  8.33568E+00  6.40870E+00  1.92698E+00  7.82221E+00  1.83969E-02  4.01361E-03  1.18508E-01  3.14461E-02  9.79948E-02
  3.21000E+02  8.19044E+00  6.34934E+00  1.84110E+00  7.66391E+00  1.79966E-02  3.93081E-03  1.19568E-01  2.74146E-02  8.08029E-02
  3.22000E+02  8.35837E+00  6.52771E+00  1.83066E+00  7.80368E+00  1.76099E-02  3.85068E-03  1.24207E-01  2.45707E-02  6.80209E-02
  3.23000E+02  8.86326E+00  6.96420E+00  1.89906E+00  8.26344E+00  1.72364E-02  3.77310E-03  1.32713E-01  2.28116E-02  5.92510E-02
  3.24000E+02  9.73174E+00  7.68246E+00  2.04928E+00  9.06746E+00  1.68753E-02  3.69796E-03  1.45404E-01  2.19498E-02  5.37804E-02
  3.25000E+02  1.10197E+01  8.72918E+00  2.29056E+00  1.02677E+01  1.65262E-02  3.62515E-03  1.62908E-01  2.18322E-02  5.10452E-02
  3.26000E+02  1.28270E+01  1.01854E+01  2.64161E+00  1.19576E+01  1.61885E-02  3.55458E-03  1.86308E-01  2.23665E-02  5.07390E-02
  3.27000E+02  1.53101E+01  1.21769E+01  3.13321E+00  1.42844E+01  1.58616E-02  3.48615E-03  2.17276E-01  2.35191E-02  5.28191E-02
  3.28000E+02  1.86918E+01  1.48818E+01  3.81001E+00  1.74575E+01  1.55452E-02  3.41977E-03  2.58179E-01  2.53100E-02  5.74884E-02
  3.29000E+02  2.32480E+01  1.85203E+01  4.72771E+00  2.17370E+01  1.52387E-02  3.35535E-03  3.11981E-01  2.78083E-02  6.51380E-02
  3.30000E+02  2.92097E+01  2.32769E+01  5.93279E+00  2.73396E+01  1.49417E-02  3.29283E-03  3.81355E-01  3.11217E-02  7.61281E-02
  3.31000E+02  3.64425E+01  2.90458E+01  7.39670E+00  3.41368E+01  1.46538E-02  3.23211E-03  4.65739E-01  3.53684E-02  9.01333E-02
  3.32000E+02  4.38078E+01  3.49234E+01  8.88444E+00  4.10501E+01  1.43747E-02  3.17313E-03  5.55428E-01  4.06182E-02  1.04854E-01
  3.33000E+02  4.87907E+01  3.89126E+01  9.87811E+00  4.56992E+01  1.41039E-02  3.11583E-03  6.28206E-01  4.68743E-02  1.15269E-01
  3.34000E+02  4.90140E+01  3.91264E+01  9.88758E+00  4.58329E+01  1.38412E-02  3.06013E-03  6.63692E-01  5.42836E-02  1.16677E-01
  3.35000E+02  4.49107E+01  3.59118E+01  8.99895E+00  4.18543E+01  1.35862E-02  3.00598E-03  6.68621E-01  6.34973E-02  1.10056E-01
  3.36000E+02  3.92772E+01  3.14947E+01  7.78247E+00  3.63974E+01  1.33386E-02  2.95331E-03  6.72983E-01  7.56946E-02  1.01192E-01
  3.37000E+02  3.45297E+01  2.78008E+01  6.72889E+00  3.17342E+01  1.30981E-02  2.90207E-03  7.04715E-01  9.23545E-02  9.51906E-02
  3.38000E+02  3.17205E+01  2.56734E+01  6.04718E+00  2.88428E+01  1.28645E-02  2.85221E-03  7.80623E-01  1.15176E-01  9.45147E-02
  3.39000E+02  3.10640E+01  2.52904E+01  5.77363E+00  2.79085E+01  1.26374E-02  2.80368E-03  9.10294E-01  1.45906E-01  9.99839E-02
  3.40000E+02  3.23968E+01  2.65257E+01  5.87119E+00  2.87688E+01  1.24166E-02  2.75642E-03  1.09568E+00  1.85315E-01  1.11446E-01
  3.41000E+02  3.51105E+01  2.88821E+01  6.22836E+00  3.08793E+01  1.22019E-02  2.71040E-03  1.31774E+00  2.30296E-01  1.26970E-01
  3.42000E+02  3.77443E+01  3.11496E+01  6.59466E+00  3.29725E+01  1.19930E-02  2.66557E-03  1.51394E+00  2.69559E-01  1.41039E-01
  3.43000E+02  3.81477E+01  3.15401E+01  6.60763E+00  3.31964E+01  1.17898E-02  2.62188E-03  1.58594E+00  2.85067E-01  1.45207E-01
  3.44000E+02  3.51621E+01  2.90912E+01  6.07091E+00  3.05506E+01  1.15919E-02  2.57930E-03  1.48181E+00  2.67331E-01  1.34975E-01
  3.45000E+02  2.98710E+01  2.47100E+01  5.16094E+00  2.59544E+01  1.13994E-02  2.53779E-03  1.25720E+00  2.26830E-01  1.14917E-01
  3.46000E+02  2.42037E+01  2.00085E+01  4.19518E+00  2.10515E+01  1.12118E-02  2.49731E-03  1.00793E+00  1.81483E-01  9.30076E-02
  3.47000E+02  1.93066E+01  1.59446E+01  3.36198E+00  1.68180E+01  1.10291E-02  2.45782E-03  7.91206E-01  1.41994E-01  7.39967E-02
  3.48000E+02  1.54532E+01  1.27477E+01  2.70551E+00  1.34851E+01  1.08511E-02  2.41930E-03  6.21430E-01  1.11087E-01  5.90565E-02
  3.49000E+02  1.25213E+01  1.03166E+01  2.20469E+00  1.09464E+01  1.06776E-02  2.38171E-03  4.93480E-01  8.78441E-02  4.77302E-02
  3.50000E+02  1.03008E+01  8.47669E+00  1.82411E+00  9.02098E+00  1.05084E-02  2.34502E-03  3.97771E-01  7.05067E-02  3.91929E-02
  3.51000E+02  8.60477E+00  7.07246E+00  1.53231E+00  7.54806E+00  1.03435E-02  2.30920E-03  3.25686E-01  5.74903E-02  3.27057E-02
  3.52000E+02  7.29128E+00  5.98585E+00  1.30543E+00  6.40551E+00  1.01827E-02  2.27423E-03  2.70684E-01  4.75928E-02  2.77076E-02
  3.53000E+02  6.25818E+00  5.13193E+00  1.12625E+00  5.50540E+00  1.00258E-02  2.24007E-03  2.28081E-01  3.99536E-02  2.37961E-02
  3.54000E+02  5.43308E+00  4.45050E+00  9.82575E-01  4.78534E+00  9.87264E-03  2.20670E-03  1.94575E-01  3.39670E-02  2.06864E-02
  3.55000E+02  4.76449E+00  3.89880E+00  8.65692E-01  4.20097E+00  9.72320E-03  2.17410E-03  1.67835E-01  2.92064E-02  1.81771E-02
  3.56000E+02  4.21546E+00  3.44612E+00  7.69343E-01  3.72040E+00  9.57732E-03  2.14223E-03  1.46203E-01  2.53686E-02  1.61241E-02
  3.57000E+02  3.75914E+00  3.07018E+00  6.88965E-01  3.32040E+00  9.43488E-03  2.11109E-03  1.28483E-01  2.22357E-02  1.44231E-02
  3.58000E+02  3.37570E+00  2.75451E+00  6.21183E-01  2.98384E+00  9.29576E-03  2.08064E-03  1.13802E-01  1.96487E-02  1.29975E-02
  3.59000E+02  3.05029E+00  2.48683E+00  5.63463E-01  2.69787E+00  9.15987E-03  2.05087E-03  1.01512E-01  1.74899E-02  1.17903E-02
  3.60000E+02  2.77166E+00  2.25779E+00  5.13879E-01  2.45271E+00  9.02711E-03  2.02175E-03  9.11263E-02  1.56712E-02  1.07584E-02
  3.61000E+02  2.53116E+00  2.06021E+00  4.70943E-01  2.24087E+00  8.89736E-03  1.99327E-03  8.22738E-02  1.41255E-02  9.86878E-03
  3.62000E+02  2.32203E+00  1.88853E+00  4.33496E-01  2.05647E+00  8.77055E-03  1.96540E-03  7.46690E-02  1.28015E-02  9.09586E-03
  3.63000E+02  2.13897E+00  1.73835E+00  4.00622E-01  1.89491E+00  8.64657E-03  1.93814E-03  6.80892E-02  1.16590E-02  8.41958E-03
  3.64000E+02  1.97775E+00  1.60616E+00  3.71589E-01  1.75250E+00  8.52534E-03  1.91145E-03  6.23587E-02  1.06665E-02  7.82404E-03
  3.65000E+02  1.83497E+00  1.48916E+00  3.45809E-01  1.62627E+00  8.40679E-03  1.88533E-03  5.73379E-02  9.79905E-03  7.29649E-03
  3.66000E+02  1.70787E+00  1.38507E+00  3.22801E-01  1.51382E+00  8.29082E-03  1.85975E-03  5.29143E-02  9.03654E-03  6.82663E-03
  3.67000E+02  1.59420E+00  1.29203E+00  3.02173E-01  1.41317E+00  8.17737E-03  1.83471E-03  4.89969E-02  8.36275E-03  6.40607E-03
  3.68000E+02  1.49209E+00  1.20849E+00  2.83600E-01  1.32271E+00  8.06635E-03  1.81018E-03  4.55112E-02  7.76447E-03  6.02790E-03
  3.69000E+02  1.40001E+00  1.13320E+00  2.66810E-01  1.24107E+00  7.95769E-03  1.78616E-03  4.23960E-02  7.23083E-03  5.68639E-03
  3.70000E+02  1.31664E+00  1.06506E+00  2.51577E-01  1.16713E+00  7.85134E-03  1.76262E-03  3.96004E-02  6.75283E-03  5.37678E-03
  3.71000E+02  1.24091E+00  1.00320E+00  2.37709E-01  1.09992E+00  7.74721E-03  1.73957E-03  3.70821E-02  6.32300E-03  5.09504E-03
  3.72000E+02  1.17189E+00  9.46846E-01  2.25043E-01  1.03864E+00  7.64525E-03  1.71697E-03  3.48055E-02  5.93506E-03  4.83779E-03
  3.73000E+02  1.10879E+00  8.95352E-01  2.13441E-01  9.82589E-01  7.54540E-03  1.69482E-03  3.27404E-02  5.58372E-03  4.60216E-03
  3.74000E+02  1.05095E+00  8.48164E-01  2.02784E-01  9.31185E-01  7.44759E-03  1.67311E-03  3.08614E-02  5.26451E-03  4.38568E-03
  3.75000E+02  9.97775E-01  8.04806E-01  1.92968E-01  8.83916E-01  7.35177E-03  1.65183E-03  2.91466E-02  4.97359E-03  4.18623E-03
  3.76000E+02  9.48773E-01  7.64867E-01  1.83906E-01  8.40340E-01  7.25788E-03  1.63096E-03  2.75773E-02  4.70772E-03  4.00200E-03
  3.77000E+02  9.03508E-01  7.27988E-01  1.75520E-01  8.00075E-01  7.16587E-03  1.61049E-03  2.61374E-02  4.46406E-03  3.83139E-03
  3.78000E+02  8.61602E-01  6.93859E-01  1.67742E-01  7.62787E-01  7.07569E-03  1.59042E-03  2.48129E-02  4.24021E-03  3.67304E-03
  3.79000E+02  8.22722E-01  6.62208E-01  1.60514E-01  7.28183E-01  6.98729E-03  1.57073E-03  2.35918E-02  4.03405E-03  3.52574E-03
  3.80000E+02  7.86577E-01  6.32795E-01  1.53782E-01  6.96007E-01  6.90062E-03  1.55141E-03  2.24636E-02  3.84374E-03  3.38844E-03
  3.81000E+02  7.52912E-01  6.05410E-01  1.47502E-01  6.66031E-01  6.81564E-03  1.53246E-03  2.14188E-02  3.66770E-03  3.26020E-03
  3.82000E+02  7.21499E-01  5.79866E-01  1.41632E-01  6.38056E-01  6.73230E-03  1.51386E-03  2.04495E-02  3.50451E-03  3.14019E-03
  3.83000E+02  6.92137E-01  5.56000E-01  1.36137E-01  6.11904E-01  6.65055E-03  1.49560E-03  1.95484E-02  3.35294E-03  3.02771E-03
  3.84000E+02  6.64647E-01  5.33663E-01  1.30985E-01  5.87416E-01  6.57036E-03  1.47769E-03  1.87093E-02  3.21189E-03  2.92208E-03
  3.85000E+02  6.38870E-01  5.12725E-01  1.26146E-01  5.64450E-01  6.49168E-03  1.46010E-03  1.79265E-02  3.08041E-03  2.82275E-03
  3.86000E+02  6.14663E-01  4.93069E-01  1.21594E-01  5.42882E-01  6.41447E-03  1.44283E-03  1.71951E-02  2.95764E-03  2.72918E-03
  3.87000E+02  5.91898E-01  4.74590E-01  1.17308E-01  5.22596E-01  6.33871E-03  1.42587E-03  1.65106E-02  2.84281E-03  2.64093E-03
  3.88000E+02  5.70459E-01  4.57194E-01  1.13265E-01  5.03492E-01  6.26435E-03  1.40921E-03  1.58690E-02  2.73524E-03  2.55756E-03
  3.89000E+02  5.50244E-01  4.40796E-01  1.09448E-01  4.85476E-01  6.19135E-03  1.39286E-03  1.52667E-02  2.63432E-03  2.47871E-03
  3.90000E+02  5.31158E-01  4.25319E-01  1.05839E-01  4.68467E-01  6.11968E-03  1.37679E-03  1.47007E-02  2.53951E-03  2.40403E-03
  3.91000E+02  5.13117E-01  4.10695E-01  1.02422E-01  4.52388E-01  6.04931E-03  1.36101E-03  1.41679E-02  2.45032E-03  2.33323E-03
  3.92000E+02  4.96044E-01  3.96859E-01  9.91848E-02  4.37172E-01  5.98021E-03  1.34550E-03  1.36658E-02  2.36629E-03  2.26601E-03
  3.93000E+02  4.79869E-01  3.83756E-01  9.61134E-02  4.22757E-01  5.91234E-03  1.33026E-03  1.31921E-02  2.28704E-03  2.20214E-03
  3.94000E+02  4.64529E-01  3.71332E-01  9.31965E-02  4.09086E-01  5.84568E-03  1.31528E-03  1.27445E-02  2.21219E-03  2.14137E-03
  3.95000E+02  4.49965E-01  3.59541E-01  9.04237E-02  3.96107E-01  5.78020E-03  1.30057E-03  1.23213E-02  2.14143E-03  2.08349E-03
  3.96000E+02  4.36125E-01  3.48340E-01  8.77851E-02  3.83774E-01  5.71586E-03  1.28610E-03  1.19206E-02  2.07445E-03  2.02832E-03
  3.97000E+02  4.22960E-01  3.37688E-01  8.52721E-02  3.72043E-01  5.65264E-03  1.27188E-03  1.15409E-02  2.01098E-03  1.97567E-03
  3.98000E+02  4.10426E-01  3.27550E-01  8.28764E-02  3.60875E-01  5.59051E-03  1.25790E-03  1.11806E-02  1.95078E-03  1.92540E-03
  3.99000E+02  3.98482E-01  3.17891E-01  8.05906E-02  3.50234E-01  5.52945E-03  1.24415E-03  1.08385E-02  1.89362E-03  1.87733E-03
  4.00000E+02  3.87091E-01  3.08683E-01  7.84078E-02  3.40086E-01  5.46944E-03  1.23063E-03  1.05133E-02  1.83929E-03  1.83135E-03
  4.01000E+02  3.76217E-01  2.99896E-01  7.63217E-02  3.30400E-01  5.41044E-03  1.21734E-03  1.02039E-02  1.78760E-03  1.78732E-03
  4.02000E+02  3.65830E-01  2.91504E-01  7.43264E-02  3.21148E-01  5.35244E-03  1.20426E-03  9.90924E-03  1.73839E-03  1.74513E-03
  4.03000E+02  3.55900E-01  2.83483E-01  7.24166E-02  3.12305E-01  5.29541E-03  1.19140E-03  9.62845E-03  1.69148E-03  1.70468E-03
  4.04000E+02  3.46399E-01  2.75812E-01  7.05872E-02  3.03845E-01  5.23932E-03  1.17875E-03  9.36061E-03  1.64674E-03  1.66585E-03
  4.05000E+02  3.37303E-01  2.68469E-01  6.88336E-02  2.95746E-01  5.18417E-03  1.16630E-03  9.10493E-03  1.60403E-03  1.62856E-03
  4.06000E+02  3.28588E-01  2.61436E-01  6.71515E-02  2.87987E-01  5.12992E-03  1.15406E-03  8.86066E-03  1.56322E-03  1.59272E-03
  4.07000E+02  3.20232E-01  2.54695E-01  6.55369E-02  2.80550E-01  5.07656E-03  1.14201E-03  8.62713E-03  1.52420E-03  1.55825E-03
  4.08000E+02  3.12216E-01  2.48230E-01  6.39861E-02  2.73416E-01  5.02407E-03  1.13015E-03  8.40369E-03  1.48686E-03  1.52509E-03
  4.09000E+02  3.04521E-01  2.42025E-01  6.24956E-02  2.66568E-01  4.97242E-03  1.11847E-03  8.18976E-03  1.45111E-03  1.49315E-03
  4.10000E+02  2.97129E-01  2.36067E-01  6.10623E-02  2.59992E-01  4.92161E-03  1.10699E-03  7.98479E-03  1.41685E-03  1.46238E-03
  4.11000E+02  2.90024E-01  2.30341E-01  5.96830E-02  2.53671E-01  4.87160E-03  1.09568E-03  7.78828E-03  1.38399E-03  1.43271E-03
  4.12000E+02  2.83191E-01  2.24836E-01  5.83551E-02  2.47594E-01  4.82239E-03  1.08454E-03  7.59976E-03  1.35247E-03  1.40410E-03
  4.13000E+02  2.76616E-01  2.19540E-01  5.70759E-02  2.41747E-01  4.77395E-03  1.07358E-03  7.41878E-03  1.32220E-03  1.37648E-03
  4.14000E+02  2.70286E-01  2.14443E-01  5.58428E-02  2.36119E-01  4.72627E-03  1.06279E-03  7.24494E-03  1.29312E-03  1.34981E-03
  4.15000E+02  2.64187E-01  2.09534E-01  5.46537E-02  2.30698E-01  4.67933E-03  1.05216E-03  7.07786E-03  1.26515E-03  1.32404E-03
  4.16000E+02  2.58310E-01  2.04803E-01  5.35064E-02  2.25475E-01  4.63313E-03  1.04170E-03  6.91717E-03  1.23826E-03  1.29914E-03
  4.17000E+02  2.52642E-01  2.00243E-01  5.23989E-02  2.20439E-01  4.58763E-03  1.03139E-03  6.76256E-03  1.21237E-03  1.27505E-03
  4.18000E+02  2.47174E-01  1.95845E-01  5.13292E-02  2.15581E-01  4.54283E-03  1.02124E-03  6.61371E-03  1.18743E-03  1.25174E-03
  4.19000E+02  2.41895E-01  1.91600E-01  5.02955E-02  2.10893E-01  4.49871E-03  1.01124E-03  6.47032E-03  1.16341E-03  1.22917E-03
  4.20000E+02  2.36798E-01  1.87502E-01  4.92963E-02  2.06367E-01  4.45526E-03  1.00139E-03  6.33213E-03  1.14024E-03  1.20732E-03
  4.21000E+02  2.31874E-01  1.83544E-01  4.83299E-02  2.01994E-01  4.41247E-03  9.91681E-04  6.19887E-03  1.11790E-03  1.18614E-03
  4.22000E+02  2.27114E-01  1.79719E-01  4.73948E-02  1.97769E-01  4.37031E-03  9.82119E-04  6.07031E-03  1.09633E-03  1.16562E-03
  4.23000E+02  2.22511E-01  1.76021E-01  4.64896E-02  1.93685E-01  4.32878E-03  9.72696E-04  5.94623E-03  1.07551E-03  1.14571E-03
  4.24000E+02  2.18058E-01  1.72445E-01  4.56130E-02  1.89734E-01  4.28787E-03  9.63412E-04  5.82640E-03  1.05539E-03  1.12640E-03
  4.25000E+02  2.13748E-01  1.68984E-01  4.47638E-02  1.85911E-01  4.24756E-03  9.54261E-04  5.71063E-03  1.03594E-03  1.10766E-03
  4.26000E+02  2.09576E-01  1.65635E-01  4.39408E-02  1.82211E-01  4.20784E-03  9.45243E-04  5.59874E-03  1.01714E-03  1.08946E-03
  4.27000E+02  2.05534E-01  1.62392E-01  4.31428E-02  1.78628E-01  4.16870E-03  9.36355E-04  5.49054E-03  9.98945E-04  1.07179E-03
  4.28000E+02  2.01618E-01  1.59250E-01  4.23688E-02  1.75157E-01  4.13013E-03  9.27593E-04  5.38587E-03  9.81338E-04  1.05462E-03
  4.29000E+02  1.97823E-01  1.56205E-01  4.16178E-02  1.71793E-01  4.09211E-03  9.18956E-04  5.28457E-03  9.64289E-04  1.03793E-03
  4.30000E+02  1.94142E-01  1.53253E-01  4.08889E-02  1.68532E-01  4.05464E-03  9.10442E-04  5.18649E-03  9.47774E-04  1.02170E-03
  4.31000E+02  1.90572E-01  1.50391E-01  4.01811E-02  1.65369E-01  4.01770E-03  9.02047E-04  5.09149E-03  9.31769E-04  1.00591E-03
  4.32000E+02  1.87107E-01  1.47613E-01  3.94936E-02  1.62301E-01  3.98129E-03  8.93769E-04  4.99944E-03  9.16252E-04  9.90554E-04
  4.33000E+02  1.83744E-01  1.44918E-01  3.88256E-02  1.59324E-01  3.94539E-03  8.85607E-04  4.91022E-03  9.01203E-04  9.75605E-04
  4.34000E+02  1.80479E-01  1.42302E-01  3.81764E-02  1.56434E-01  3.90999E-03  8.77558E-04  4.82370E-03  8.86602E-04  9.61050E-04
  4.35000E+02  1.77307E-01  1.39761E-01  3.75451E-02  1.53627E-01  3.87509E-03  8.69621E-04  4.73977E-03  8.72429E-04  9.46875E-04
  4.36000E+02  1.74224E-01  1.37293E-01  3.69312E-02  1.50900E-01  3.84067E-03  8.61792E-04  4.65832E-03  8.58668E-04  9.33066E-04
  4.37000E+02  1.71229E-01  1.34895E-01  3.63339E-02  1.48251E-01  3.80673E-03  8.54070E-04  4.57926E-03  8.45302E-04  9.19608E-04
  4.38000E+02  1.68316E-01  1.32564E-01  3.57526E-02  1.45675E-01  3.77325E-03  8.46453E-04  4.50248E-03  8.32314E-04  9.06490E-04
  4.39000E+02  1.65484E-01  1.30297E-01  3.51868E-02  1.43171E-01  3.74024E-03  8.38940E-04  4.42790E-03  8.19690E-04  8.93698E-04
  4.40000E+02  1.62728E-01  1.28092E-01  3.46358E-02  1.40736E-01  3.70767E-03  8.31527E-04  4.35543E-03  8.07415E-04  8.81222E-04
  4.41000E+02  1.60046E-01  1.25947E-01  3.40991E-02  1.38367E-01  3.67554E-03  8.24214E-04  4.28498E-03  7.95475E-04  8.69050E-04
  4.42000E+02  1.57436E-01  1.23860E-01  3.35762E-02  1.36061E-01  3.64385E-03  8.16999E-04  4.21648E-03  7.83858E-04  8.57171E-04
  4.43000E+02  1.54894E-01  1.21828E-01  3.30666E-02  1.33817E-01  3.61258E-03  8.09879E-04  4.14986E-03  7.72551E-04  8.45576E-04
  4.44000E+02  1.52419E-01  1.19849E-01  3.25699E-02  1.31631E-01  3.58173E-03  8.02854E-04  4.08504E-03  7.61543E-04  8.34255E-04
  4.45000E+02  1.50008E-01  1.17922E-01  3.20855E-02  1.29503E-01  3.55128E-03  7.95921E-04  4.02195E-03  7.50822E-04  8.23199E-04
  4.46000E+02  1.47658E-01  1.16045E-01  3.16131E-02  1.27429E-01  3.52124E-03  7.89079E-04  3.96053E-03  7.40378E-04  8.12398E-04
  4.47000E+02  1.45367E-01  1.14215E-01  3.11522E-02  1.25409E-01  3.49160E-03  7.82326E-04  3.90073E-03  7.30200E-04  8.01844E-04
  4.48000E+02  1.43134E-01  1.12432E-01  3.07024E-02  1.23440E-01  3.46234E-03  7.75661E-04  3.84247E-03  7.20279E-04  7.91529E-04
  4.49000E+02  1.40957E-01  1.10693E-01  3.02635E-02  1.21520E-01  3.43346E-03  7.69081E-04  3.78571E-03  7.10606E-04  7.81446E-04
  4.50000E+02  1.38833E-01  1.08998E-01  2.98349E-02  1.19648E-01  3.40496E-03  7.62587E-04  3.73039E-03  7.01171E-04  7.71587E-04
  4.51000E+02  1.36760E-01  1.07344E-01  2.94164E-02  1.17821E-01  3.37683E-03  7.56176E-04  3.67646E-03  6.91967E-04  7.61944E-04
  4.52000E+02  1.34738E-01  1.05730E-01  2.90077E-02  1.16040E-01  3.34905E-03  7.49846E-04  3.62387E-03  6.82985E-04  7.52512E-04
  4.53000E+02  1.32764E-01  1.04155E-01  2.86083E-02  1.14301E-01  3.32163E-03  7.43597E-04  3.57258E-03  6.74218E-04  7.43282E-04
  4.54000E+02  1.30836E-01  1.02618E-01  2.82181E-02  1.12604E-01  3.29456E-03  7.37427E-04  3.52254E-03  6.65659E-04  7.34250E-04
  4.55000E+02  1.28954E-01  1.01117E-01  2.78367E-02  1.10947E-01  3.26783E-03  7.31334E-04  3.47370E-03  6.57299E-04  7.25409E-04
  4.56000E+02  1.27116E-01  9.96519E-02  2.74639E-02  1.09330E-01  3.24144E-03  7.25318E-04  3.42604E-03  6.49133E-04  7.16753E-04
  4.57000E+02  1.25320E-01  9.82204E-02  2.70993E-02  1.07750E-01  3.21538E-03  7.19376E-04  3.37950E-03  6.41155E-04  7.08277E-04
  4.58000E+02  1.23565E-01  9.68218E-02  2.67428E-02  1.06206E-01  3.18965E-03  7.13509E-04  3.33405E-03  6.33357E-04  6.99976E-04
  4.59000E+02  1.21849E-01  9.54553E-02  2.63941E-02  1.04698E-01  3.16423E-03  7.07714E-04  3.28966E-03  6.25734E-04  6.91843E-04
  4.60000E+02  1.20172E-01  9.41196E-02  2.60528E-02  1.03224E-01  3.13913E-03  7.01990E-04  3.24629E-03  6.18281E-04  6.83875E-04
  4.61000E+02  1.18533E-01  9.28140E-02  2.57189E-02  1.01783E-01  3.11434E-03  6.96336E-04  3.20391E-03  6.10992E-04  6.76066E-04
  4.62000E+02  1.16929E-01  9.15374E-02  2.53921E-02  1.00374E-01  3.08985E-03  6.90752E-04  3.16248E-03  6.03862E-04  6.68412E-04
  4.63000E+02  1.15361E-01  9.02889E-02  2.50722E-02  9.89965E-02  3.06566E-03  6.85235E-04  3.12198E-03  5.96885E-04  6.60908E-04
  4.64000E+02  1.13827E-01  8.90678E-02  2.47589E-02  9.76492E-02  3.04176E-03  6.79785E-04  3.08238E-03  5.90057E-04  6.53551E-04
  4.65000E+02  1.12325E-01  8.78732E-02  2.44522E-02  9.63311E-02  3.01815E-03  6.74401E-04  3.04364E-03  5.83374E-04  6.46336E-04
  4.66000E+02  1.10856E-01  8.67042E-02  2.41517E-02  9.50416E-02  2.99483E-03  6.69081E-04  3.00575E-03  5.76831E-04  6.39259E-04
  4.67000E+02  1.09418E-01  8.55602E-02  2.38574E-02  9.37796E-02  2.97178E-03  6.63825E-04  2.96868E-03  5.70424E-04  6.32316E-04
  4.68000E+02  1.08009E-01  8.44405E-02  2.35689E-02  9.25444E-02  2.94901E-03  6.58632E-04  2.93240E-03  5.64148E-04  6.25504E-04
  4.69000E+02  1.06631E-01  8.33442E-02  2.32863E-02  9.13353E-02  2.92652E-03  6.53500E-04  2.89688E-03  5.58000E-04  6.18819E-04
  4.70000E+02  1.05280E-01  8.22708E-02  2.30093E-02  9.01514E-02  2.90428E-03  6.48428E-04  2.86211E-03  5.51976E-04  6.12258E-04
  4.71000E+02  1.03957E-01  8.12195E-02  2.27377E-02  8.89920E-02  2.88231E-03  6.43416E-04  2.82807E-03  5.46072E-04  6.05818E-04
  4.72000E+02  1.02661E-01  8.01898E-02  2.24714E-02  8.78565E-02  2.86060E-03  6.38463E-04  2.79472E-03  5.40285E-04  5.99494E-04
  4.73000E+02  1.01391E-01  7.91810E-02  2.22103E-02  8.67441E-02  2.83914E-03  6.33568E-04  2.76206E-03  5.34612E-04  5.93285E-04
  4.74000E+02  1.00147E-01  7.81926E-02  2.19542E-02  8.56543E-02  2.81793E-03  6.28729E-04  2.73006E-03  5.29049E-04  5.87187E-04
  4.75000E+02  9.89270E-02  7.72240E-02  2.17030E-02  8.45863E-02  2.79696E-03  6.23947E-04  2.69870E-03  5.23593E-04  5.81197E-04
  4.76000E+02  9.77312E-02  7.62746E-02  2.14566E-02  8.35397E-02  2.77624E-03  6.19219E-04  2.66797E-03  5.18241E-04  5.75313E-04
  4.77000E+02  9.65587E-02  7.53439E-02  2.12148E-02  8.25138E-02  2.75575E-03  6.14546E-04  2.63784E-03  5.12990E-04  5.69532E-04
  4.78000E+02  9.54089E-02  7.44315E-02  2.09775E-02  8.15080E-02  2.73550E-03  6.09926E-04  2.60831E-03  5.07837E-04  5.63851E-04
  4.79000E+02  9.42813E-02  7.35367E-02  2.07445E-02  8.05218E-02  2.71548E-03  6.05359E-04  2.57935E-03  5.02781E-04  5.58268E-04
  4.80000E+02  9.31751E-02  7.26593E-02  2.05159E-02  7.95547E-02  2.69569E-03  6.00843E-04  2.55094E-03  4.97817E-04  5.52781E-04
  4.81000E+02  9.20900E-02  7.17986E-02  2.02914E-02  7.86061E-02  2.67611E-03  5.96379E-04  2.52308E-03  4.92944E-04  5.47386E-04
  4.82000E+02  9.10252E-02  7.09542E-02  2.00710E-02  7.76757E-02  2.65676E-03  5.91964E-04  2.49575E-03  4.88159E-04  5.42082E-04
  4.83000E+02  8.99803E-02  7.01258E-02  1.98545E-02  7.67628E-02  2.63763E-03  5.87599E-04  2.46893E-03  4.83460E-04  5.36867E-04
  4.84000E+02  8.89547E-02  6.93129E-02  1.96419E-02  7.58672E-02  2.61871E-03  5.83283E-04  2.44261E-03  4.78845E-04  5.31738E-04
  4.85000E+02  8.79481E-02  6.85150E-02  1.94330E-02  7.49882E-02  2.60000E-03  5.79015E-04  2.41678E-03  4.74311E-04  5.26693E-04
  4.86000E+02  8.69598E-02  6.77319E-02  1.92278E-02  7.41255E-02  2.58149E-03  5.74794E-04  2.39142E-03  4.69856E-04  5.21731E-04
  4.87000E+02  8.59894E-02  6.69632E-02  1.90262E-02  7.32787E-02  2.56319E-03  5.70620E-04  2.36652E-03  4.65479E-04  5.16850E-04
  4.88000E+02  8.50365E-02  6.62084E-02  1.88281E-02  7.24473E-02  2.54509E-03  5.66491E-04  2.34208E-03  4.61177E-04  5.12046E-04
  4.89000E+02  8.41007E-02  6.54673E-02  1.86334E-02  7.16310E-02  2.52719E-03  5.62408E-04  2.31807E-03  4.56948E-04  5.07320E-04
  4.90000E+02  8.31814E-02  6.47395E-02  1.84420E-02  7.08294E-02  2.50948E-03  5.58369E-04  2.29449E-03  4.52791E-04  5.02668E-04
  4.91000E+02  8.22784E-02  6.40246E-02  1.82538E-02  7.00422E-02  2.49197E-03  5.54374E-04  2.27132E-03  4.48703E-04  4.98090E-04
  4.92000E+02  8.13912E-02  6.33224E-02  1.80688E-02  6.92690E-02  2.47464E-03  5.50423E-04  2.24856E-03  4.44684E-04  4.93583E-04
  4.93000E+02  8.05194E-02  6.26325E-02  1.78869E-02  6.85094E-02  2.45750E-03  5.46514E-04  2.22620E-03  4.40731E-04  4.89146E-04
  4.94000E+02  7.96627E-02  6.19547E-02  1.77080E-02  6.77631E-02  2.44054E-03  5.42646E-04  2.20422E-03  4.36842E-04  4.84778E-04
  4.95000E+02  7.88206E-02  6.12886E-02  1.75321E-02  6.70298E-02  2.42377E-03  5.38821E-04  2.18262E-03  4.33017E-04  4.80477E-04
  4.96000E+02  7.79930E-02  6.06339E-02  1.73590E-02  6.63092E-02  2.40717E-03  5.35036E-04  2.16139E-03  4.29253E-04  4.76240E-04
  4.97000E+02  7.71793E-02  5.99905E-02  1.71888E-02  6.56009E-02  2.39075E-03  5.31291E-04  2.14051E-03  4.25550E-04  4.72068E-04
  4.98000E+02  7.63793E-02  5.93580E-02  1.70213E-02  6.49048E-02  2.37450E-03  5.27586E-04  2.11998E-03  4.21905E-04  4.67959E-04
  4.99000E+02  7.55927E-02  5.87362E-02  1.68565E-02  6.42204E-02  2.35842E-03  5.23920E-04  2.09980E-03  4.18318E-04  4.63910E-04
  5.00000E+02  7.48191E-02  5.81249E-02  1.66943E-02  6.35476E-02  2.34251E-03  5.20293E-04  2.07995E-03  4.14787E-04  4.59922E-04
