  1.00000E-03  1.00000E+10  3.53390E-01
  1.00100E+00  9.99001E+06  3.62713E-01
  2.00100E+00  4.99750E+06  3.72492E-01
  3.00100E+00  3.33222E+06  3.82764E-01
  4.00100E+00  2.49938E+06  3.93565E-01
  5.00100E+00  1.99960E+06  4.04938E-01
  6.00100E+00  1.66639E+06  4.16930E-01
  7.00100E+00  1.42837E+06  4.29593E-01
  8.00100E+00  1.24984E+06  4.42985E-01
  9.00100E+00  1.11099E+06  4.57169E-01
  1.00010E+01  9.99900E+05  4.72220E-01
  1.10010E+01  9.09008E+05  4.88217E-01
  1.20010E+01  8.33264E+05  5.05252E-01
  1.30010E+01  7.69172E+05  5.23430E-01
  1.40010E+01  7.14235E+05  5.42867E-01
  1.50010E+01  6.66622E+05  5.63697E-01
  1.60010E+01  6.24961E+05  5.86073E-01
  1.70010E+01  5.88201E+05  6.10170E-01
  1.80010E+01  5.55525E+05  6.36189E-01
  1.90010E+01  5.26288E+05  6.64365E-01
  2.00010E+01  4.99975E+05  6.94967E-01
  2.10010E+01  4.76168E+05  7.28313E-01
  2.20010E+01  4.54525E+05  7.64775E-01
  2.30010E+01  4.34764E+05  8.04790E-01
  2.40010E+01  4.16649E+05  8.48879E-01
  2.50010E+01  3.99984E+05  8.97663E-01
  2.60010E+01  3.84601E+05  9.51890E-01
  2.70010E+01  3.70357E+05  1.01246E+00
  2.80010E+01  3.57130E+05  1.08049E+00
  2.90010E+01  3.44816E+05  1.15732E+00
  3.00010E+01  3.33322E+05  1.24464E+00
  3.10010E+01  3.22570E+05  1.34455E+00
  3.20010E+01  3.12490E+05  1.45972E+00
  3.30010E+01  3.03021E+05  1.59355E+00
  3.40010E+01  2.94109E+05  1.75043E+00
  3.50010E+01  2.85706E+05  1.93609E+00
  3.60010E+01  2.77770E+05  2.15802E+00
  3.70010E+01  2.70263E+05  2.42611E+00
  3.80010E+01  2.63151E+05  2.75327E+00
  3.90010E+01  2.56404E+05  3.15648E+00
  4.00010E+01  2.49994E+05  3.65905E+00
  4.10010E+01  2.43896E+05  4.29562E+00
  4.20010E+01  2.38090E+05  5.11815E+00
  4.30010E+01  2.32553E+05  6.20082E+00
  4.40010E+01  2.27268E+05  7.64505E+00
  4.50010E+01  2.22217E+05  9.58083E+00
  4.60010E+01  2.17387E+05  1.21440E+01
  4.70010E+01  2.12761E+05  1.53779E+01
  4.80010E+01  2.08329E+05  1.89818E+01
  4.90010E+01  2.04077E+05  2.19800E+01
  5.00010E+01  1.99996E+05  2.29470E+01
  5.10010E+01  1.96075E+05  2.13022E+01
  5.20010E+01  1.92304E+05  1.80198E+01
  5.30010E+01  1.88676E+05  1.44891E+01
  5.40010E+01  1.85182E+05  1.14714E+01
  5.50010E+01  1.81815E+05  9.13237E+00
  5.60010E+01  1.78568E+05  7.38418E+00
  5.70010E+01  1.75436E+05  6.08740E+00
  5.80010E+01  1.72411E+05  5.12026E+00
  5.90010E+01  1.69489E+05  4.39131E+00
  6.00010E+01  1.66664E+05  3.83538E+00
  6.10010E+01  1.63932E+05  3.40663E+00
  6.20010E+01  1.61288E+05  3.07282E+00
  6.30010E+01  1.58728E+05  2.81106E+00
  6.40010E+01  1.56248E+05  2.60488E+00
  6.50010E+01  1.53844E+05  2.44233E+00
  6.60010E+01  1.51513E+05  2.31458E+00
  6.70010E+01  1.49252E+05  2.21508E+00
  6.80010E+01  1.47057E+05  2.13887E+00
  6.90010E+01  1.44925E+05  2.08224E+00
  7.00010E+01  1.42855E+05  2.04232E+00
  7.10010E+01  1.40843E+05  2.01694E+00
  7.20010E+01  1.38887E+05  2.00446E+00
  7.30010E+01  1.36984E+05  2.00364E+00
  7.40010E+01  1.35133E+05  2.01356E+00
  7.50010E+01  1.33332E+05  2.03358E+00
  7.60010E+01  1.31577E+05  2.06329E+00
  7.70010E+01  1.29868E+05  2.10246E+00
  7.80010E+01  1.28203E+05  2.15105E+00
  7.90010E+01  1.26581E+05  2.20918E+00
  8.00010E+01  1.24998E+05  2.27710E+00
  8.10010E+01  1.23455E+05  2.35527E+00
  8.20010E+01  1.21950E+05  2.44426E+00
  8.30010E+01  1.20480E+05  2.54483E+00
  8.40010E+01  1.19046E+05  2.65794E+00
  8.50010E+01  1.17646E+05  2.78474E+00
  8.60010E+01  1.16278E+05  2.92665E+00
  8.70010E+01  1.14941E+05  3.08536E+00
  8.80010E+01  1.13635E+05  3.26291E+00
  8.90010E+01  1.12358E+05  3.46172E+00
  9.00010E+01  1.11110E+05  3.68476E+00
  9.10010E+01  1.09889E+05  3.93558E+00
  9.20010E+01  1.08694E+05  4.21853E+00
  9.30010E+01  1.07526E+05  4.53895E+00
  9.40010E+01  1.06382E+05  4.90346E+00
  9.50010E+01  1.05262E+05  5.32030E+00
  9.60010E+01  1.04166E+05  5.79981E+00
  9.70010E+01  1.03092E+05  6.35483E+00
  9.80010E+01  1.02040E+05  7.00068E+00
  9.90010E+01  1.01009E+05  7.75365E+00
  1.00001E+02  9.99990E+04  8.62677E+00
  1.01001E+02  9.90089E+04  9.62530E+00
  1.02001E+02  9.80383E+04  1.07560E+01
  1.03001E+02  9.70864E+04  1.20562E+01
  1.04001E+02  9.61529E+04  1.36061E+01
  1.05001E+02  9.52372E+04  1.55100E+01
  1.06001E+02  9.43387E+04  1.78874E+01
  1.07001E+02  9.34571E+04  2.08883E+01
  1.08001E+02  9.25917E+04  2.47167E+01
  1.09001E+02  9.17423E+04  2.96603E+01
  1.10001E+02  9.09083E+04  3.61272E+01
  1.11001E+02  9.00893E+04  4.46943E+01
  1.12001E+02  8.92849E+04  5.61557E+01
  1.13001E+02  8.84948E+04  7.15053E+01
  1.14001E+02  8.77185E+04  9.16427E+01
  1.15001E+02  8.69558E+04  1.16347E+02
  1.16001E+02  8.62062E+04  1.42064E+02
  1.17001E+02  8.54694E+04  1.60065E+02
  1.18001E+02  8.47450E+04  1.60732E+02
  1.19001E+02  8.40329E+04  1.43641E+02
  1.20001E+02  8.33326E+04  1.18095E+02
  1.21001E+02  8.26439E+04  9.31238E+01
  1.22001E+02  8.19665E+04  7.26114E+01
  1.23001E+02  8.13002E+04  5.69277E+01
  1.24001E+02  8.06445E+04  4.52117E+01
  1.25001E+02  7.99994E+04  3.64635E+01
  1.26001E+02  7.93644E+04  2.98670E+01
  1.27001E+02  7.87395E+04  2.48232E+01
  1.28001E+02  7.81244E+04  2.09079E+01
  1.29001E+02  7.75188E+04  1.78227E+01
  1.30001E+02  7.69225E+04  1.53571E+01
  1.31001E+02  7.63353E+04  1.33606E+01
  1.32001E+02  7.57570E+04  1.17245E+01
  1.33001E+02  7.51874E+04  1.03690E+01
  1.34001E+02  7.46263E+04  9.23466E+00
  1.35001E+02  7.40735E+04  8.27675E+00
  1.36001E+02  7.35289E+04  7.46111E+00
  1.37001E+02  7.29922E+04  6.76135E+00
  1.38001E+02  7.24632E+04  6.15685E+00
  1.39001E+02  7.19419E+04  5.63131E+00
  1.40001E+02  7.14281E+04  5.17178E+00
  1.41001E+02  7.09215E+04  4.76781E+00
  1.42001E+02  7.04220E+04  4.41092E+00
  1.43001E+02  6.99296E+04  4.09420E+00
  1.44001E+02  6.94440E+04  3.81194E+00
  1.45001E+02  6.89650E+04  3.55943E+00
  1.46001E+02  6.84927E+04  3.33271E+00
  1.47001E+02  6.80267E+04  3.12846E+00
  1.48001E+02  6.75671E+04  2.94391E+00
  1.49001E+02  6.71136E+04  2.77667E+00
  1.50001E+02  6.66662E+04  2.62472E+00
  1.51001E+02  6.62247E+04  2.48633E+00
  1.52001E+02  6.57890E+04  2.36002E+00
  1.53001E+02  6.53590E+04  2.24448E+00
  1.54001E+02  6.49346E+04  2.13861E+00
  1.55001E+02  6.45157E+04  2.04143E+00
  1.56001E+02  6.41022E+04  1.95210E+00
  1.57001E+02  6.36939E+04  1.86988E+00
  1.58001E+02  6.32907E+04  1.79411E+00
  1.59001E+02  6.28927E+04  1.72423E+00
  1.60001E+02  6.24996E+04  1.65972E+00
  1.61001E+02  6.21114E+04  1.60015E+00
  1.62001E+02  6.17280E+04  1.54511E+00
  1.63001E+02  6.13493E+04  1.49427E+00
  1.64001E+02  6.09752E+04  1.44731E+00
  1.65001E+02  6.06057E+04  1.40395E+00
  1.66001E+02  6.02406E+04  1.36397E+00
  1.67001E+02  5.98799E+04  1.32714E+00
  1.68001E+02  5.95235E+04  1.29327E+00
  1.69001E+02  5.91712E+04  1.26222E+00
  1.70001E+02  5.88232E+04  1.23382E+00
  1.71001E+02  5.84792E+04  1.20797E+00
  1.72001E+02  5.81392E+04  1.18456E+00
  1.73001E+02  5.78031E+04  1.16350E+00
  1.74001E+02  5.74709E+04  1.14473E+00
  1.75001E+02  5.71425E+04  1.12820E+00
  1.76001E+02  5.68179E+04  1.11388E+00
  1.77001E+02  5.64969E+04  1.10176E+00
  1.78001E+02  5.61795E+04  1.09183E+00
  1.79001E+02  5.58656E+04  1.08413E+00
  1.80001E+02  5.55552E+04  1.07871E+00
  1.81001E+02  5.52483E+04  1.07563E+00
  1.82001E+02  5.49448E+04  1.07500E+00
  1.83001E+02  5.46445E+04  1.07696E+00
  1.84001E+02  5.43475E+04  1.08167E+00
  1.85001E+02  5.40538E+04  1.08936E+00
  1.86001E+02  5.37632E+04  1.10029E+00
  1.87001E+02  5.34756E+04  1.11482E+00
  1.88001E+02  5.31912E+04  1.13336E+00
  1.89001E+02  5.29098E+04  1.15646E+00
  1.90001E+02  5.26313E+04  1.18478E+00
  1.91001E+02  5.23557E+04  1.21918E+00
  1.92001E+02  5.20831E+04  1.26074E+00
  1.93001E+02  5.18132E+04  1.31083E+00
  1.94001E+02  5.15461E+04  1.37127E+00
  1.95001E+02  5.12818E+04  1.44441E+00
  1.96001E+02  5.10201E+04  1.53340E+00
  1.97001E+02  5.07612E+04  1.64244E+00
  1.98001E+02  5.05048E+04  1.77730E+00
  1.99001E+02  5.02510E+04  1.94596E+00
  2.00001E+02  4.99998E+04  2.15960E+00
  2.01001E+02  4.97510E+04  2.43405E+00
  2.02001E+02  4.95047E+04  2.79180E+00
  2.03001E+02  4.92608E+04  3.26438E+00
  2.04001E+02  4.90194E+04  3.89397E+00
  2.05001E+02  4.87802E+04  4.72956E+00
  2.06001E+02  4.85435E+04  5.80460E+00
  2.07001E+02  4.83089E+04  7.07005E+00
  2.08001E+02  4.80767E+04  8.27563E+00
  2.09001E+02  4.78467E+04  8.94300E+00
  2.10001E+02  4.76188E+04  8.70753E+00
  2.11001E+02  4.73931E+04  7.73981E+00
  2.12001E+02  4.71696E+04  6.53640E+00
  2.13001E+02  4.69481E+04  5.45476E+00
  2.14001E+02  4.67288E+04  4.61219E+00
  2.15001E+02  4.65114E+04  3.99855E+00
  2.16001E+02  4.62961E+04  3.56798E+00
  2.17001E+02  4.60827E+04  3.27591E+00
  2.18001E+02  4.58713E+04  3.08821E+00
  2.19001E+02  4.56619E+04  2.98099E+00
  2.20001E+02  4.54543E+04  2.93837E+00
  2.21001E+02  4.52487E+04  2.95037E+00
  2.22001E+02  4.50448E+04  3.01136E+00
  2.23001E+02  4.48428E+04  3.11916E+00
  2.24001E+02  4.46427E+04  3.27445E+00
  2.25001E+02  4.44442E+04  3.48066E+00
  2.26001E+02  4.42476E+04  3.74407E+00
  2.27001E+02  4.40527E+04  4.07429E+00
  2.28001E+02  4.38595E+04  4.48508E+00
  2.29001E+02  4.36679E+04  4.99543E+00
  2.30001E+02  4.34781E+04  5.63095E+00
  2.31001E+02  4.32899E+04  6.42462E+00
  2.32001E+02  4.31033E+04  7.41530E+00
  2.33001E+02  4.29183E+04  8.64163E+00
  2.34001E+02  4.27349E+04  1.01384E+01
  2.35001E+02  4.25530E+04  1.19640E+01
  2.36001E+02  4.23727E+04  1.42648E+01
  2.37001E+02  4.21939E+04  1.73034E+01
  2.38001E+02  4.20166E+04  2.14232E+01
  2.39001E+02  4.18408E+04  2.70037E+01
  2.40001E+02  4.16665E+04  3.43389E+01
  2.41001E+02  4.14936E+04  4.32306E+01
  2.42001E+02  4.13221E+04  5.21588E+01
  2.43001E+02  4.11521E+04  5.77976E+01
  2.44001E+02  4.09834E+04  5.69879E+01
  2.45001E+02  4.08162E+04  5.02112E+01
  2.46001E+02  4.06502E+04  4.09874E+01
  2.47001E+02  4.04857E+04  3.22872E+01
  2.48001E+02  4.03224E+04  2.52483E+01
  2.49001E+02  4.01605E+04  1.98971E+01
  2.50001E+02  3.99998E+04  1.59053E+01
  2.51001E+02  3.98405E+04  1.29234E+01
  2.52001E+02  3.96824E+04  1.06732E+01
  2.53001E+02  3.95255E+04  8.95202E+00
  2.54001E+02  3.93699E+04  7.61698E+00
  2.55001E+02  3.92155E+04  6.56778E+00
  2.56001E+02  3.90623E+04  5.73381E+00
  2.57001E+02  3.89104E+04  5.06500E+00
  2.58001E+02  3.87595E+04  4.52561E+00
  2.59001E+02  3.86099E+04  4.09017E+00
  2.60001E+02  3.84614E+04  3.74080E+00
  2.61001E+02  3.83140E+04  3.46552E+00
  2.62001E+02  3.81678E+04  3.25738E+00
  2.63001E+02  3.80227E+04  3.11407E+00
  2.64001E+02  3.78786E+04  3.03794E+00
  2.65001E+02  3.77357E+04  3.03601E+00
  2.66001E+02  3.75938E+04  3.11822E+00
  2.67001E+02  3.74530E+04  3.29013E+00
  2.68001E+02  3.73133E+04  3.53185E+00
  2.69001E+02  3.71746E+04  3.76254E+00
  2.70001E+02  3.70369E+04  3.83660E+00
  2.71001E+02  3.69002E+04  3.65111E+00
  2.72001E+02  3.67646E+04  3.26416E+00
  2.73001E+02  3.66299E+04  2.82210E+00
  2.74001E+02  3.64962E+04  2.42522E+00
  2.75001E+02  3.63635E+04  2.10407E+00
  2.76001E+02  3.62318E+04  1.85356E+00
  2.77001E+02  3.61010E+04  1.65906E+00
  2.78001E+02  3.59711E+04  1.50669E+00
  2.79001E+02  3.58422E+04  1.38569E+00
  2.80001E+02  3.57142E+04  1.28825E+00
  2.81001E+02  3.55871E+04  1.20887E+00
  2.82001E+02  3.54609E+04  1.14363E+00
  2.83001E+02  3.53356E+04  1.08977E+00
  2.84001E+02  3.52111E+04  1.04530E+00
  2.85001E+02  3.50876E+04  1.00881E+00
  2.86001E+02  3.49649E+04  9.79319E-01
  2.87001E+02  3.48431E+04  9.56131E-01
  2.88001E+02  3.47221E+04  9.38817E-01
  2.89001E+02  3.46020E+04  9.27154E-01
  2.90001E+02  3.44826E+04  9.21105E-01
  2.91001E+02  3.43641E+04  9.20816E-01
  2.92001E+02  3.42465E+04  9.26624E-01
  2.93001E+02  3.41296E+04  9.39078E-01
  2.94001E+02  3.40135E+04  9.58981E-01
  2.95001E+02  3.38982E+04  9.87448E-01
  2.96001E+02  3.37837E+04  1.02600E+00
  2.97001E+02  3.36699E+04  1.07668E+00
  2.98001E+02  3.35569E+04  1.14226E+00
  2.99001E+02  3.34447E+04  1.22652E+00
  3.00001E+02  3.33332E+04  1.33462E+00
  3.01001E+02  3.32225E+04  1.47372E+00
  3.02001E+02  3.31125E+04  1.65385E+00
  3.03001E+02  3.30032E+04  1.88924E+00
  3.04001E+02  3.28946E+04  2.20011E+00
  3.05001E+02  3.27868E+04  2.61519E+00
  3.06001E+02  3.26796E+04  3.17411E+00
  3.07001E+02  3.25732E+04  3.92733E+00
  3.08001E+02  3.24674E+04  4.92470E+00
  3.09001E+02  3.23624E+04  6.17145E+00
  3.10001E+02  3.22580E+04  7.52332E+00
  3.11001E+02  3.21542E+04  8.57042E+00
  3.12001E+02  3.20512E+04  8.78151E+00
  3.13001E+02  3.19488E+04  8.02241E+00
  3.14001E+02  3.18470E+04  6.72204E+00
  3.15001E+02  3.17459E+04  5.38703E+00
  3.16001E+02  3.16455E+04  4.26662E+00
  3.17001E+02  3.15456E+04  3.40251E+00
  3.18001E+02  3.14464E+04  2.75539E+00
  3.19001E+02  3.13479E+04  2.27245E+00
  3.20001E+02  3.12499E+04  1.90911E+00
  3.21001E+02  3.11526E+04  1.63229E+00
  3.22001E+02  3.10558E+04  1.41849E+00
  3.23001E+02  3.09597E+04  1.25127E+00
  3.24001E+02  3.08641E+04  1.11906E+00
  3.25001E+02  3.07691E+04  1.01372E+00
  3.26001E+02  3.06748E+04  9.29466E-01
  3.27001E+02  3.05809E+04  8.62188E-01
  3.28001E+02  3.04877E+04  8.09013E-01
  3.29001E+02  3.03950E+04  7.68005E-01
  3.30001E+02  3.03029E+04  7.37996E-01
  3.31001E+02  3.02114E+04  7.18508E-01
  3.32001E+02  3.01204E+04  7.09759E-01
  3.33001E+02  3.00299E+04  7.12750E-01
  3.34001E+02  2.99400E+04  7.29461E-01
  3.35001E+02  2.98507E+04  7.63129E-01
  3.36001E+02  2.97618E+04  8.18598E-01
  3.37001E+02  2.96735E+04  9.02414E-01
  3.38001E+02  2.95857E+04  1.02175E+00
  3.39001E+02  2.94984E+04  1.17954E+00
  3.40001E+02  2.94117E+04  1.36168E+00
  3.41001E+02  2.93254E+04  1.51861E+00
  3.42001E+02  2.92397E+04  1.57306E+00
  3.43001E+02  2.91544E+04  1.48677E+00
  3.44001E+02  2.90697E+04  1.30674E+00
  3.45001E+02  2.89854E+04  1.10938E+00
  3.46001E+02  2.89017E+04  9.39349E-01
  3.47001E+02  2.88184E+04  8.07687E-01
  3.48001E+02  2.87355E+04  7.10411E-01
  3.49001E+02  2.86532E+04  6.40237E-01
  3.50001E+02  2.85713E+04  5.90776E-01
  3.51001E+02  2.84899E+04  5.57401E-01
  3.52001E+02  2.84090E+04  5.37108E-01
  3.53001E+02  2.83285E+04  5.28206E-01
  3.54001E+02  2.82485E+04  5.30095E-01
  3.55001E+02  2.81689E+04  5.43174E-01
  3.56001E+02  2.80898E+04  5.68891E-01
  3.57001E+02  2.80111E+04  6.09942E-01
  3.58001E+02  2.79329E+04  6.70636E-01
  3.59001E+02  2.78551E+04  7.57380E-01
  3.60001E+02  2.77777E+04  8.79072E-01
  3.61001E+02  2.77008E+04  1.04653E+00
  3.62001E+02  2.76242E+04  1.26835E+00
  3.63001E+02  2.75481E+04  1.53764E+00
  3.64001E+02  2.74725E+04  1.80596E+00
  3.65001E+02  2.73972E+04  1.96961E+00
  3.66001E+02  2.73223E+04  1.93321E+00
  3.67001E+02  2.72479E+04  1.71550E+00
  3.68001E+02  2.71738E+04  1.42596E+00
  3.69001E+02  2.71002E+04  1.15456E+00
  3.70001E+02  2.70270E+04  9.34926E-01
  3.71001E+02  2.69541E+04  7.67278E-01
  3.72001E+02  2.68816E+04  6.41352E-01
  3.73001E+02  2.68096E+04  5.46411E-01
  3.74001E+02  2.67379E+04  4.73925E-01
  3.75001E+02  2.66666E+04  4.17690E-01
  3.76001E+02  2.65957E+04  3.73323E-01
  3.77001E+02  2.65251E+04  3.37737E-01
  3.78001E+02  2.64550E+04  3.08748E-01
  3.79001E+02  2.63852E+04  2.84790E-01
  3.80001E+02  2.63157E+04  2.64724E-01
  3.81001E+02  2.62467E+04  2.47715E-01
  3.82001E+02  2.61779E+04  2.33135E-01
  3.83001E+02  2.61096E+04  2.20510E-01
  3.84001E+02  2.60416E+04  2.09477E-01
  3.85001E+02  2.59740E+04  1.99753E-01
  3.86001E+02  2.59067E+04  1.91117E-01
  3.87001E+02  2.58397E+04  1.83392E-01
  3.88001E+02  2.57731E+04  1.76437E-01
  3.89001E+02  2.57069E+04  1.70139E-01
  3.90001E+02  2.56410E+04  1.64403E-01
  3.91001E+02  2.55754E+04  1.59154E-01
  3.92001E+02  2.55101E+04  1.54327E-01
  3.93001E+02  2.54452E+04  1.49870E-01
  3.94001E+02  2.53806E+04  1.45739E-01
  3.95001E+02  2.53164E+04  1.41894E-01
  3.96001E+02  2.52525E+04  1.38305E-01
  3.97001E+02  2.51889E+04  1.34943E-01
  3.98001E+02  2.51256E+04  1.31786E-01
  3.99001E+02  2.50626E+04  1.28812E-01
  4.00001E+02  2.49999E+04  1.26004E-01
  4.01001E+02  2.49376E+04  1.23346E-01
  4.02001E+02  2.48756E+04  1.20826E-01
  4.03001E+02  2.48138E+04  1.18431E-01
  4.04001E+02  2.47524E+04  1.16150E-01
  4.05001E+02  2.46913E+04  1.13974E-01
  4.06001E+02  2.46305E+04  1.11895E-01
  4.07001E+02  2.45700E+04  1.09905E-01
  4.08001E+02  2.45097E+04  1.07998E-01
  4.09001E+02  2.44498E+04  1.06168E-01
  4.10001E+02  2.43902E+04  1.04410E-01
  4.11001E+02  2.43308E+04  1.02718E-01
  4.12001E+02  2.42718E+04  1.01088E-01
  4.13001E+02  2.42130E+04  9.95169E-02
  4.14001E+02  2.41545E+04  9.80000E-02
  4.15001E+02  2.40963E+04  9.65344E-02
  4.16001E+02  2.40384E+04  9.51171E-02
  4.17001E+02  2.39808E+04  9.37453E-02
  4.18001E+02  2.39234E+04  9.24164E-02
  4.19001E+02  2.38663E+04  9.11281E-02
  4.20001E+02  2.38095E+04  8.98782E-02
  4.21001E+02  2.37529E+04  8.86648E-02
  4.22001E+02  2.36966E+04  8.74859E-02
  4.23001E+02  2.36406E+04  8.63400E-02
  4.24001E+02  2.35849E+04  8.52253E-02
  4.25001E+02  2.35294E+04  8.41404E-02
  4.26001E+02  2.34741E+04  8.30840E-02
  4.27001E+02  2.34191E+04  8.20546E-02
  4.28001E+02  2.33644E+04  8.10513E-02
  4.29001E+02  2.33100E+04  8.00727E-02
  4.30001E+02  2.32558E+04  7.91179E-02
  4.31001E+02  2.32018E+04  7.81859E-02
  4.32001E+02  2.31481E+04  7.72757E-02
  4.33001E+02  2.30946E+04  7.63865E-02
  4.34001E+02  2.30414E+04  7.55174E-02
  4.35001E+02  2.29885E+04  7.46677E-02
  4.36001E+02  2.29357E+04  7.38366E-02
  4.37001E+02  2.28832E+04  7.30235E-02
  4.38001E+02  2.28310E+04  7.22277E-02
  4.39001E+02  2.27790E+04  7.14486E-02
  4.40001E+02  2.27272E+04  7.06855E-02
  4.41001E+02  2.26757E+04  6.99380E-02
  4.42001E+02  2.26244E+04  6.92055E-02
  4.43001E+02  2.25733E+04  6.84875E-02
  4.44001E+02  2.25225E+04  6.77836E-02
  4.45001E+02  2.24719E+04  6.70932E-02
  4.46001E+02  2.24215E+04  6.64160E-02
  4.47001E+02  2.23713E+04  6.57514E-02
  4.48001E+02  2.23214E+04  6.50993E-02
  4.49001E+02  2.22717E+04  6.44591E-02
  4.50001E+02  2.22222E+04  6.38305E-02
  4.51001E+02  2.21729E+04  6.32131E-02
  4.52001E+02  2.21238E+04  6.26067E-02
  4.53001E+02  2.20750E+04  6.20109E-02
  4.54001E+02  2.20264E+04  6.14254E-02
  4.55001E+02  2.19780E+04  6.08500E-02
  4.56001E+02  2.19298E+04  6.02843E-02
  4.57001E+02  2.18818E+04  5.97280E-02
  4.58001E+02  2.18340E+04  5.91811E-02
  4.59001E+02  2.17864E+04  5.86431E-02
  4.60001E+02  2.17391E+04  5.81138E-02
  4.61001E+02  2.16919E+04  5.75931E-02
  4.62001E+02  2.16450E+04  5.70806E-02
  4.63001E+02  2.15982E+04  5.65763E-02
  4.64001E+02  2.15517E+04  5.60798E-02
  4.65001E+02  2.15053E+04  5.55911E-02
  4.66001E+02  2.14592E+04  5.51098E-02
  4.67001E+02  2.14132E+04  5.46359E-02
  4.68001E+02  2.13675E+04  5.41692E-02
  4.69001E+02  2.13219E+04  5.37094E-02
  4.70001E+02  2.12766E+04  5.32564E-02
  4.71001E+02  2.12314E+04  5.28101E-02
  4.72001E+02  2.11864E+04  5.23703E-02
  4.73001E+02  2.11416E+04  5.19368E-02
  4.74001E+02  2.10970E+04  5.15096E-02
  4.75001E+02  2.10526E+04  5.10885E-02
  4.76001E+02  2.10084E+04  5.06733E-02
  4.77001E+02  2.09643E+04  5.02639E-02
  4.78001E+02  2.09205E+04  4.98602E-02
  4.79001E+02  2.08768E+04  4.94620E-02
  4.80001E+02  2.08333E+04  4.90693E-02
  4.81001E+02  2.07900E+04  4.86820E-02
  4.82001E+02  2.07468E+04  4.82999E-02
  4.83001E+02  2.07039E+04  4.79228E-02
  4.84001E+02  2.06611E+04  4.75509E-02
  4.85001E+02  2.06185E+04  4.71838E-02
  4.86001E+02  2.05761E+04  4.68215E-02
  4.87001E+02  2.05338E+04  4.64639E-02
  4.88001E+02  2.04918E+04  4.61110E-02
  4.89001E+02  2.04499E+04  4.57626E-02
  4.90001E+02  2.04081E+04  4.54186E-02
  4.91001E+02  2.03666E+04  4.50790E-02
  4.92001E+02  2.03252E+04  4.47437E-02
  4.93001E+02  2.02839E+04  4.44125E-02
  4.94001E+02  2.02429E+04  4.40855E-02
  4.95001E+02  2.02020E+04  4.37625E-02
  4.96001E+02  2.01612E+04  4.34435E-02
  4.97001E+02  2.01207E+04  4.31283E-02
  4.98001E+02  2.00803E+04  4.28170E-02
  4.99001E+02  2.00400E+04  4.25094E-02
  5.00001E+02  2.00000E+04  4.22055E-02
