   2    2
1 1
    41.207163245695341    -0.000000000947607     0.000000000000000
    -0.000000000947607    41.207163248221427     0.000000000000000
     0.000000000000000     0.000000000000000    15.278506757129456
1 2
   -41.207163245695341     0.000000000947607    -0.000000000000000
     0.000000000947607   -41.207163248221434    -0.000000000000000
    -0.000000000000000    -0.000000000000000   -15.278506757129456
2 1
   -41.207163245695341     0.000000000947607    -0.000000000000000
     0.000000000947607   -41.207163248221434    -0.000000000000000
    -0.000000000000000    -0.000000000000000   -15.278506757129456
2 2
    41.207163245695348    -0.000000000947607     0.000000000000000
    -0.000000000947607    41.207163248221434     0.000000000000000
     0.000000000000000     0.000000000000000    15.278506757129456