2    
12   

1    
  0.0105835442180599   0.0000000000000000   0.0000000000000000
  -0.4361234705    0.0071607725    0.0000000000
   0.4361234705   -0.0071607725    0.0000000000

1    
 -0.0105835442180599   0.0000000000000000   0.0000000000000000
   0.4361174784    0.0071605752    0.0000000000
  -0.4361174784   -0.0071605752    0.0000000000

1    
 -0.0000000000000000   0.0105835442180600   0.0000000000000000
   0.0000000000   -0.4432701743    0.0000000000
   0.0000000000    0.4432701743    0.0000000000

1    
 -0.0000000000000001  -0.0105835442180600   0.0000000000000000
   0.0000000000    0.4289462495    0.0000000000
   0.0000000000   -0.4289462495    0.0000000000

1    
 -0.0000000000000003   0.0000000000000000   0.0105835442180586
   0.0000000000    0.0000000000   -0.1617001120
   0.0000000000    0.0000000000    0.1617001120

1    
 -0.0000000000000003   0.0000000000000000  -0.0105835442180603
   0.0000000000    0.0000000000    0.1617001120
   0.0000000000    0.0000000000   -0.1617001120

2    
  0.0105835442180602   0.0000000000000000   0.0000000000000000
   0.4361240684    0.0071590417    0.0000000000
  -0.4361240684   -0.0071590417    0.0000000000

2    
 -0.0105835442180599   0.0000000000000000   0.0000000000000000
  -0.4361300603    0.0071592385    0.0000000000
   0.4361300603   -0.0071592385    0.0000000000

2    
  0.0000000000000002   0.0105835442180600   0.0000000000000000
   0.0000000000    0.4289536833    0.0000000000
   0.0000000000   -0.4289536833    0.0000000000

2    
  0.0000000000000000  -0.0105835442180600   0.0000000000000000
   0.0000000000   -0.4432774899    0.0000000000
   0.0000000000    0.4432774899    0.0000000000

2    
  0.0000000000000003   0.0000000000000000   0.0105835442180586
   0.0000000000    0.0000000000    0.1617013917
   0.0000000000    0.0000000000   -0.1617013917

2    
  0.0000000000000003   0.0000000000000000  -0.0105835442180603
   0.0000000000    0.0000000000   -0.1617013917
   0.0000000000    0.0000000000    0.1617013917
