# Z-direction plane-averaged electrostatic potential
# iz   z(Angstrom)   V_avg(eV)
     0        0.00000000        2.96658011
     1        0.07981316        2.96657920
     2        0.15962632        2.96658029
     3        0.23943948        2.96658068
     4        0.31925263        2.96658047
     5        0.39906579        2.96658216
     6        0.47887895        2.96658067
     7        0.55869211        2.96658359
     8        0.63850527        2.96658093
     9        0.71831843        2.96658494
    10        0.79813159        2.96658130
    11        0.87794474        2.96658617
    12        0.95775790        2.96658179
    13        1.03757106        2.96658726
    14        1.11738422        2.96658243
    15        1.19719738        2.96658820
    16        1.27701054        2.96658324
    17        1.35682370        2.96658898
    18        1.43663685        2.96658420
    19        1.51645001        2.96658959
    20        1.59626317        2.96658532
    21        1.67607633        2.96658967
    22        1.75588949        2.96658577
    23        1.83570265        2.96658918
    24        1.91551581        2.96658631
    25        1.99532896        2.96658860
    26        2.07514212        2.96658693
    27        2.15495528        2.96658795
    28        2.23476844        2.96658759
    29        2.31458160        2.96658728
    30        2.39439476        2.96658826
    31        2.47420792        2.96658662
    32        2.55402107        2.96658890
    33        2.63383423        2.96658602
    34        2.71364739        2.96658946
    35        2.79346055        2.96658551
    36        2.87327371        2.96658991
    37        2.95308687        2.96658512
    38        3.03290003        2.96659023
    39        3.11271318        2.96658488
    40        3.19252634        2.96659039
    41        3.27233950        2.96658480
    42        3.35215266        2.96659038
    43        3.43196582        2.96658489
    44        3.51177898        2.96659021
    45        3.59159214        2.96658515
    46        3.67140529        2.96658988
    47        3.75121845        2.96658555
    48        3.83103161        2.96658940
    49        3.91084477        2.96658609
    50        3.99065793        2.96658881
    51        4.07047109        2.96658672
    52        4.15028425        2.96658814
    53        4.23009740        2.96658742
    54        4.30991056        2.96658743
    55        4.38972372        2.96658813
    56        4.46953688        2.96658673
    57        4.54935004        2.96658882
    58        4.62916320        2.96658606
    59        4.70897636        2.96658945
    60        4.78878951        2.96658548
    61        4.86860267        2.96658997
    62        4.94841583        2.96658502
    63        5.02822899        2.96659036
    64        5.10804215        2.96658471
    65        5.18785531        2.96659059
    66        5.26766847        2.96658457
    67        5.34748162        2.96659064
    68        5.42729478        2.96658462
    69        5.50710794        2.96659050
    70        5.58692110        2.96658484
    71        5.66673426        2.96659019
    72        5.74654742        2.96658524
    73        5.82636058        2.96658972
    74        5.90617373        2.96658578
    75        5.98598689        2.96658911
    76        6.06580005        2.96658645
    77        6.14561321        2.96658839
    78        6.22542637        2.96658720
    79        6.30523953        2.96658762
    80        6.38505269        2.96658799
    81        6.46486585        2.96658683
    82        6.54467900        2.96658877
    83        6.62449216        2.96658607
    84        6.70430532        2.96658950
    85        6.78411848        2.96658538
    86        6.86393164        2.96659012
    87        6.94374480        2.96658482
    88        7.02355796        2.96659061
    89        7.10337111        2.96658441
    90        7.18318427        2.96659093
    91        7.26299743        2.96658419
    92        7.34281059        2.96659105
    93        7.42262375        2.96658417
    94        7.50243691        2.96659097
    95        7.58225007        2.96658436
    96        7.66206322        2.96659068
    97        7.74187638        2.96658475
    98        7.82168954        2.96659020
    99        7.90150270        2.96658532
   100        7.98131586        2.96658954
   101        8.06112902        2.96658605
   102        8.14094218        2.96658875
   103        8.22075533        2.96658689
   104        8.30056849        2.96658787
   105        8.38038165        2.96658780
   106        8.46019481        2.96658694
   107        8.54000797        2.96658873
   108        8.61982113        2.96658603
   109        8.69963429        2.96658962
   110        8.77944744        2.96658518
   111        8.85926060        2.96659041
   112        8.93907376        2.96658445
   113        9.01888692        2.96659106
   114        9.09870008        2.96658389
   115        9.17851324        2.96659153
   116        9.25832640        2.96658351
   117        9.33813955        2.96659198
   118        9.41795271        2.96658535
   119        9.49776587        2.96659574
   120        9.57757903        2.96658969
   121        9.65739219        2.96659992
   122        9.73720535        2.96659450
   123        9.81701851        2.96660384
   124        9.89683166        2.96659977
   125        9.97664482        2.96660803
   126       10.05645798        2.96660577
   127       10.13627114        2.96661254
   128       10.21608430        2.96661247
   129       10.29589746        2.96661744
   130       10.37571062        2.96661983
   131       10.45552377        2.96662280
   132       10.53533693        2.96662781
   133       10.61515009        2.96662872
   134       10.69496325        2.96663637
   135       10.77477641        2.96663528
   136       10.85458957        2.96664547
   137       10.93440273        2.96664258
   138       11.01421588        2.96665507
   139       11.09402904        2.96665072
   140       11.17384220        2.96666513
   141       11.25365536        2.96665977
   142       11.33346852        2.96667562
   143       11.41328168        2.96666982
   144       11.49309484        2.96668652
   145       11.57290799        2.96668091
   146       11.65272115        2.96669783
   147       11.73253431        2.96669308
   148       11.81234747        2.96670953
   149       11.89216063        2.96670631
   150       11.97197379        2.96672163
   151       12.05178695        2.96672059
   152       12.13160010        2.96673402
   153       12.21141326        2.96673415
   154       12.29122642        2.96673863
   155       12.37103958        2.96672603
   156       12.45085274        2.96669593
   157       12.53066590        2.96662758
   158       12.61047906        2.96649223
   159       12.69029221        2.96626680
   160       12.77010537        2.96588773
   161       12.84991853        2.96531464
   162       12.92973169        2.96443029
   163       13.00954485        2.96316395
   164       13.08935801        2.96132758
   165       13.16917117        2.95878253
   166       13.24898432        2.95522371
   167       13.32879748        2.95039842
   168       13.40861064        2.94383054
   169       13.48842380        2.93505626
   170       13.56823696        2.92330438
   171       13.64805012        2.90776146
   172       13.72786328        2.88719434
   173       13.80767643        2.86017352
   174       13.88748959        2.82466817
   175       13.96730275        2.77826073
   176       14.04711591        2.71764053
   177       14.12692907        2.63871458
   178       14.20674223        2.53601864
   179       14.28655539        2.40273485
   180       14.36636854        2.23009739
   181       14.44618170        2.00695025
   182       14.52599486        1.71892299
   183       14.60580802        1.34842646
   184       14.68562118        0.87397786
   185       14.76543434        0.26852542
   186       14.84524750       -0.50235894
   187       14.92506065       -1.47905222
   188       15.00487381       -2.70391600
   189       15.08468697       -4.21494007
   190       15.16450013       -6.01566773
   191       15.24431329       -8.04349958
   192       15.32412645      -10.16791918
   193       15.40393961      -12.22494842
   194       15.48375276      -14.04945973
   195       15.56356592      -15.49191242
   196       15.64337908      -16.43383216
   197       15.72319224      -16.80505699
   198       15.80300540      -16.59997135
   199       15.88281856      -15.88210457
   200       15.96263172      -14.77198817
   201       16.04244487      -13.42897414
   202       16.12225803      -12.03491962
   203       16.20207119      -10.78173364
   204       16.28188435       -9.85249373
   205       16.36169751       -9.38650028
   206       16.44151067       -9.46134276
   207       16.52132383      -10.11828456
   208       16.60113698      -11.40178948
   209       16.68095014      -13.38839004
   210       16.76076330      -16.15415819
   211       16.84057646      -19.65220079
   212       16.92038962      -23.63315125
   213       17.00020278      -27.67180280
   214       17.08001594      -31.25560653
   215       17.15982909      -33.90191504
   216       17.23964225      -35.25371260
   217       17.31945541      -35.12734285
   218       17.39926857      -33.54014703
   219       17.47908173      -30.70718604
   220       17.55889489      -27.01092366
   221       17.63870805      -22.94703592
   222       17.71852120      -19.02127275
   223       17.79833436      -15.63426387
   224       17.87814752      -13.00082902
   225       17.95796068      -11.13860737
   226       18.03777384       -9.96427687
   227       18.11758700       -9.40725258
   228       18.19740016       -9.42609906
   229       18.27721331       -9.97641800
   230       18.35702647      -10.97108197
   231       18.43683963      -12.26123106
   232       18.51665279      -13.66014232
   233       18.59646595      -14.97674904
   234       18.67627911      -16.03195516
   235       18.75609227      -16.67168409
   236       18.83590542      -16.78360395
   237       18.91571858      -16.31524992
   238       18.99553174      -15.28373575
   239       19.07534490      -13.76853556
   240       19.15515806      -11.89441371
   241       19.23497122       -9.81455471
   242       19.31478438       -7.69523487
   243       19.39459754       -5.69769326
   244       19.47441069       -3.94285573
   245       19.55422385       -2.48110266
   246       19.63403701       -1.30052377
   247       19.71385017       -0.36095166
   248       19.79366333        0.37968675
   249       19.87347649        0.96118754
   250       19.95328965        1.41662174
   251       20.03310280        1.77204564
   252       20.11291596        2.04813017
   253       20.19272912        2.26198092
   254       20.27254228        2.42735932
   255       20.35235544        2.55501464
   256       20.43216860        2.65331341
   257       20.51198176        2.72886179
   258       20.59179491        2.78685200
   259       20.67160807        2.83124564
   260       20.75142123        2.86518154
   261       20.83123439        2.89100556
   262       20.91104755        2.91064399
   263       20.99086071        2.92548151
   264       21.07067387        2.93668541
   265       21.15048702        2.94504439
   266       21.23030018        2.95129419
   267       21.31011334        2.95587731
   268       21.38992650        2.95925406
   269       21.46973966        2.96165863
   270       21.54955282        2.96339568
   271       21.62936598        2.96458206
   272       21.70917913        2.96541539
   273       21.78899229        2.96594316
   274       21.86880545        2.96630025
   275       21.94861861        2.96650058
   276       22.02843177        2.96662974
   277       22.10824493        2.96668351
   278       22.18805809        2.96671589
   279       22.26787124        2.96671946
   280       22.34768440        2.96672042
   281       22.42749756        2.96671346
   282       22.50731072        2.96670613
   283       22.58712388        2.96670145
   284       22.66693704        2.96669148
   285       22.74675020        2.96668992
   286       22.82656335        2.96667775
   287       22.90637651        2.96667887
   288       22.98618967        2.96666502
   289       23.06600283        2.96666828
   290       23.14581599        2.96665332
   291       23.22562915        2.96665811
   292       23.30544231        2.96664266
   293       23.38525546        2.96664834
   294       23.46506862        2.96663302
   295       23.54488178        2.96663894
   296       23.62469494        2.96662437
   297       23.70450810        2.96662993
   298       23.78432126        2.96661665
   299       23.86413442        2.96662129
   300       23.94394757        2.96660979
   301       24.02376073        2.96661307
   302       24.10357389        2.96660371
   303       24.18338705        2.96660529
   304       24.26320021        2.96659831
   305       24.34301337        2.96659799
   306       24.42282653        2.96659351
   307       24.50263968        2.96659121
   308       24.58245284        2.96658923
   309       24.66226600        2.96658501
   310       24.74207916        2.96658539
   311       24.82189232        2.96657943
   312       24.90170548        2.96658188
   313       24.98151864        2.96657417
   314       25.06133179        2.96657819
   315       25.14114495        2.96656939
   316       25.22095811        2.96657513
   317       25.30077127        2.96656742
   318       25.38058443        2.96657530
   319       25.46039759        2.96656728
   320       25.54021075        2.96657532
   321       25.62002390        2.96656738
   322       25.69983706        2.96657511
   323       25.77965022        2.96656771
   324       25.85946338        2.96657468
   325       25.93927654        2.96656824
   326       26.01908970        2.96657406
   327       26.09890286        2.96656893
   328       26.17871601        2.96657330
   329       26.25852917        2.96656975
   330       26.33834233        2.96657245
   331       26.41815549        2.96657063
   332       26.49796865        2.96657155
   333       26.57778181        2.96657153
   334       26.65759497        2.96657066
   335       26.73740812        2.96657239
   336       26.81722128        2.96656984
   337       26.89703444        2.96657316
   338       26.97684760        2.96656912
   339       27.05666076        2.96657381
   340       27.13647392        2.96656856
   341       27.21628708        2.96657429
   342       27.29610023        2.96656817
   343       27.37591339        2.96657459
   344       27.45572655        2.96656797
   345       27.53553971        2.96657468
   346       27.61535287        2.96656798
   347       27.69516603        2.96657457
   348       27.77497919        2.96656819
   349       27.85479234        2.96657427
   350       27.93460550        2.96656857
   351       28.01441866        2.96657380
   352       28.09423182        2.96656912
   353       28.17404498        2.96657319
   354       28.25385814        2.96656978
   355       28.33367130        2.96657249
   356       28.41348445        2.96657052
   357       28.49329761        2.96657172
   358       28.57311077        2.96657129
   359       28.65292393        2.96657095
   360       28.73273709        2.96657206
   361       28.81255025        2.96657021
   362       28.89236341        2.96657276
   363       28.97217656        2.96656955
   364       29.05198972        2.96657337
   365       29.13180288        2.96656901
   366       29.21161604        2.96657384
   367       29.29142920        2.96656861
   368       29.37124236        2.96657415
   369       29.45105552        2.96656838
   370       29.53086867        2.96657429
   371       29.61068183        2.96656833
   372       29.69049499        2.96657426
   373       29.77030815        2.96656846
   374       29.85012131        2.96657404
   375       29.92993447        2.96656876
   376       30.00974763        2.96657367
   377       30.08956078        2.96656920
   378       30.16937394        2.96657316
   379       30.24918710        2.96656977
   380       30.32900026        2.96657254
   381       30.40881342        2.96657042
   382       30.48862658        2.96657186
   383       30.56843974        2.96657112
   384       30.64825289        2.96657116
   385       30.72806605        2.96657182
   386       30.80787921        2.96657047
   387       30.88769237        2.96657248
   388       30.96750553        2.96656984
   389       31.04731869        2.96657307
   390       31.12713185        2.96656931
   391       31.20694500        2.96657355
   392       31.28675816        2.96656890
   393       31.36657132        2.96657388
   394       31.44638448        2.96656863
   395       31.52619764        2.96657406
   396       31.60601080        2.96656854
   397       31.68582396        2.96657408
   398       31.76563712        2.96656861
   399       31.84545027        2.96657393
   400       31.92526343        2.96656884
   401       32.00507659        2.96657362
   402       32.08488975        2.96656921
   403       32.16470291        2.96657318
   404       32.24451607        2.96656972
   405       32.32432923        2.96657262
   406       32.40414238        2.96657031
   407       32.48395554        2.96657200
   408       32.56376870        2.96657096
   409       32.64358186        2.96657133
   410       32.72339502        2.96657163
   411       32.80320818        2.96657067
   412       32.88302134        2.96657228
   413       32.96283449        2.96657014
   414       33.04264765        2.96657337
   415       33.12246081        2.96657043
   416       33.20227397        2.96657469
   417       33.28208713        2.96657083
   418       33.36190029        2.96657588
   419       33.44171345        2.96657136
   420       33.52152660        2.96657693
   421       33.60133976        2.96657205
   422       33.68115292        2.96657783
   423       33.76096608        2.96657290
   424       33.84077924        2.96657855
   425       33.92059240        2.96657391
   426       34.00040556        2.96657913
   427       34.08021871        2.96657506
   428       34.16003187        2.96657956
   429       34.23984503        2.96657635
   430       34.31965819        2.96657988
   431       34.39947135        2.96657774
