   2    2
1 1
    18.469179980928882     0.000000000343212     0.000000000242688
     0.000000000343212    18.469179981111889    -0.000000000242688
     0.000000000242688    -0.000000000242688    18.469179980896392
1 2
   -18.469179980928885    -0.000000000343212    -0.000000000242688
    -0.000000000343212   -18.469179981111893     0.000000000242688
    -0.000000000242688     0.000000000242688   -18.469179980896392
2 1
   -18.469179980928885    -0.000000000343212    -0.000000000242688
    -0.000000000343212   -18.469179981111893     0.000000000242688
    -0.000000000242688     0.000000000242688   -18.469179980896392
2 2
    18.469179980928885     0.000000000343212     0.000000000242688
     0.000000000343212    18.469179981111893    -0.000000000242688
     0.000000000242688    -0.000000000242688    18.469179980896396