40

3
1
0.01058354421806 0 0
-0.09919568223492092 -1.163721591916633e-06 -9.442431481848645e-07
0.01462835029839347 -5.413664130940465e-07 2.996472558899899e-07
-0.002315175215908977 -2.075022097709767e-06 2.247174178682254e-07
-0.01069884131999508 -1.347061343262568e-06 -1.08895923833785e-07
-0.002314591224286511 -6.575995560101355e-07 -2.324759578183067e-06
-0.01069944280670131 -3.948860939489984e-07 -2.22568530505729e-06
0.003201696256845875 -1.399597285067777e-06 -2.219589647245446e-06
0.001397280923435537 -1.77662405940332e-06 -2.92688321451573e-06
0.004780569916677357 0.005997499678203511 0.005997265740067981
0.003994992508782602 -0.005344492260272116 -0.005346299806244126
0.004780223884816082 -0.005994957032612658 0.005994554448681022
0.003994776994013516 0.005346825902383556 -0.005347411946407199
0.004781387756616073 0.005996998984577395 -0.005994410613922252
0.003993362784214471 -0.005345124628844289 0.005348515987376512
0.004780293605417207 -0.005994740530185005 -0.005992294244615171
0.003993723866035803 0.005346328040016168 0.00534880180309677
0.01578397808830601 0.0001347045537352654 0.0001347914659052818
-0.003414230634169568 -0.00020907968052368 -0.0002090551240731542
0.01578303643800649 -0.0001332282160448339 0.0001338984485375755
-0.003414260537270841 0.0002098219442774052 -0.0002091003767233368
0.01578366798223807 0.0001335756736480509 -0.0001325810970327634
-0.003414641644378325 -0.0002093710369475976 0.0002102949504684398
0.01578292500571321 -0.0001315852476199975 -0.0001313740712169387
-0.003413778760892439 0.0002110429974012257 0.0002116393214443846
0.002565934286973423 -1.815340174626812e-06 -0.0001209973833760231
0.002723020922687107 -2.331603360883339e-06 -0.0002503229501855941
-0.0001040419754798003 -4.697179403212459e-07 0.005165971461543295
0.0001695729365868009 -7.364331516823697e-07 -0.005690458274432778
0.002565280389398426 -2.565886598027145e-06 0.0001227526782615895
0.002724252832294563 -2.696054799411485e-06 0.0002523793649952949
-0.0001038675731179911 -3.274791191554272e-07 -0.005164608101484863
0.0001701594369194412 -6.259370988193069e-08 0.005692967917781483
0.002566289252367293 -0.0001205654331645212 -2.695118952789066e-06
0.002722853647165194 -0.000250720755900033 -2.636907167230529e-06
0.00256540455800558 0.0001220697088861258 -3.207893085999114e-06
0.002724024069876686 0.0002528055364649853 -3.389688910282462e-06
-0.0001039806923224113 0.005166103125545184 -7.547861812229328e-07
0.00016917415626682 -0.005691151188429375 -7.830766999838978e-07
-0.0001041125364286896 -0.005165337921039674 -5.59025769529542e-07
0.0001704045859503844 0.005692929685014926 -6.765290688492964e-07
9
0.01058354421806 0 0
0.004303938671899987 0.005558947244241552 0.005559981329911423
0.004423608474747209 -0.005708484089640864 -0.005707578197434504
0.00430383050389288 -0.005560702070802392 0.005559532763609321
0.004423414345689769 0.005706515473082763 -0.005707937510768257
0.004304196271943395 0.005559532372733433 -0.005561259979012689
0.004423089512482326 -0.005708268009198436 0.005706288260716175
0.004303911725437815 -0.005560512244266458 -0.005561563173433814
0.004422744655982913 0.00570621154782458 0.005705026310049099
-0.02008698400589992 -4.763863312162719e-07 -8.377261698777616e-07
-0.001268873578921081 6.043373862452128e-07 -1.412703951819694e-06
-0.007348615767646671 3.229643408819705e-06 -2.328786800676053e-06
0.01430525407409361 1.202698258873092e-06 -1.361069334682163e-06
-0.007347263149208916 -3.167710203783036e-06 4.016712065124661e-06
0.0143038364470896 -1.556255008694496e-06 3.359532938562726e-06
-0.006269579968817787 4.977720028442878e-06 4.329702551431058e-06
0.004187615052536398 2.516853772671634e-06 2.450191017300263e-06
0.008453565004347907 1.547870939755391e-06 6.812286078433649e-07
0.009144656368462623 9.877818996084642e-07 5.299212819387389e-07
-0.0004645905737645784 -5.37825727953134e-07 9.28095419933106e-07
-0.001185194159034009 -7.087364756186432e-08 9.478049236566477e-07
-0.0004664270879415899 1.660864748918855e-06 3.677922232603326e-07
-0.001184182469312567 7.989367368579914e-07 3.979225457473312e-07
-0.00126185496711001 -1.612946758378087e-07 1.210067849255481e-06
-0.001530488957455167 1.067939472035317e-06 1.244605192018966e-06
-0.01804036845986934 0.0004913858770698165 5.468389709384347e-07
0.01073613528463643 -0.0002197957005203865 9.116834826239373e-07
-0.01804099422877126 -0.0004941537752728431 3.717564774352589e-07
0.01073681407446152 0.000217110805045051 1.25546393628384e-06
0.007419368279419612 0.0002921518638156484 2.677237800063903e-07
-0.009337740085505294 9.20915479538098e-05 8.665359735038347e-07
0.007418368106005463 -0.0002948867221209128 6.773639769086515e-07
-0.009336492817336832 -9.524159664237031e-05 1.178582408875584e-06
-0.01804022520650217 2.194404674152328e-06 0.0004903068367528296
0.01073647481155129 9.235695106746267e-07 -0.0002220294656636312
0.00741863351993519 -7.665353739805258e-07 0.0002910900517199
-0.009337127215861045 1.212032334198254e-06 8.987390647208215e-05
-0.01804034467323192 1.446774531718709e-06 -0.0004930743425390349
0.01073627613777139 6.590101933323655e-07 0.0002186715991774335
0.007418681427755652 -9.398143243077861e-07 -0.0002943556960039312
-0.009337078604044816 7.324775334258127e-07 -9.358142682681925e-05
17
0.007483695885577875 0.007483695885577875 0
0.01109201372655172 0.001664242260245516 -9.25464944387111e-05
-0.002421959766037173 6.860833566997571e-05 0.00386928290524869
0.01125969525933479 0.002013906465172195 -8.296960834650036e-05
-0.002422286158291528 -2.397030143549278e-05 -0.003803413496633157
0.01109191306550289 0.001663333137234747 9.164525588908901e-05
-0.002422335549544907 6.879316939496782e-05 -0.003870966311738361
0.01125981815529786 0.002013238480855536 8.142403160105172e-05
-0.002422919033987107 -2.450149958158065e-05 0.003800499968245885
0.006889477811782285 -0.0126921531012556 -4.346339359306839e-06
0.005926200353564726 -0.0129352617016707 -3.880437932646252e-06
-0.000820181327873884 0.007638476666629035 -3.682197277476984e-06
-0.0003380655573304026 0.007598518225018669 -1.937812226904256e-06
-0.000771394844534902 0.005227763018947312 6.933504393735745e-06
-0.0003910412542721953 0.005280108742150014 6.101114382206507e-06
-0.0009205242571419456 -0.006595740849948462 5.691206394653481e-06
-0.001051186224439948 -0.006623483099376049 3.106605063918355e-06
-0.03216546162275336 0.001022166419886616 1.595880476296108e-06
-0.008588212435525377 0.005931698619384529 1.715505237323556e-06
0.00667412742221235 -0.001847502366846762 1.561271990052626e-06
-0.00266441703952891 0.002069718762295503 1.725755649495397e-06
0.006672332153882632 -0.001638119951115027 -5.684307582687342e-07
-0.00266850577388178 0.0004214483720616016 -5.265195701514847e-07
0.0004244998932328992 0.006846483744911064 1.779823415315462e-07
0.0009682136024483645 -0.0007795741237235781 2.770108892824474e-07
0.00167019030227878 -0.006786425352293401 1.21317974169366e-06
-0.003297688718805786 0.0059193062532924 1.439189528773532e-06
-0.002932316038158675 0.005715385926549854 1.80016015456641e-06
0.001766084823755724 -0.007490330240416232 1.97031349710719e-06
0.0002285007765597015 0.0007757847036960475 -2.825773810638532e-07
-0.001931125762158523 -0.002146707650008906 3.467619822394852e-07
-0.00190224327735251 -0.002426435940626692 -7.629551262017253e-07
0.0002841807447876536 0.0004684998347934677 2.287684374158161e-07
-0.0007247253597603975 0.0005821213924543239 -0.006287787762848274
-0.000652365172682523 0.0006122042836339547 0.006684489834472174
-0.0008120044234056212 -0.0006783752265326348 0.001602886117389124
-0.0008483990058646418 -0.0007145936553014029 -0.001304005301440481
-0.0007247684679997993 0.0005827407269744372 0.006284886756745323
-0.0006523050989480431 0.0006126915353373841 -0.006688014221963412
-0.0008120766446931965 -0.0006787882664539349 -0.001605919942232518
-0.0008487443262457824 -0.0007152881031674135 0.001300598174628478
