# omega(eV)            xx             xy             xz             yx             yy             yz             zx             zy             zz
   0.00000   0.000000e+00   0.000000e+00   0.000000e+00   0.000000e+00   0.000000e+00   0.000000e+00   0.000000e+00   0.000000e+00   0.000000e+00
   0.10000   1.949127e-03   2.077076e-12  -8.691715e-12   2.077160e-12   1.949127e-03  -9.272725e-12  -8.691762e-12  -9.272744e-12   1.442706e-03
   0.20000   3.971313e-03   4.049747e-12  -1.762449e-11   4.049918e-12   3.971313e-03  -1.848236e-11  -1.762458e-11  -1.848240e-11   2.903328e-03
   0.30000   6.154017e-03   5.725090e-12  -2.707337e-11   5.725355e-12   6.154017e-03  -2.749550e-11  -2.707352e-11  -2.749556e-11   4.400605e-03
   0.40000   8.621334e-03   6.648492e-12  -3.739313e-11   6.648862e-12   8.621334e-03  -3.598377e-11  -3.739333e-11  -3.598386e-11   5.955068e-03
   0.50000   1.158103e-02   5.626150e-12  -4.909452e-11   5.626639e-12   1.158103e-02  -4.311603e-11  -4.909480e-11  -4.311613e-11   7.590385e-03
   0.60000   1.545229e-02  -9.274196e-13  -6.298665e-11  -9.267851e-13   1.545229e-02  -4.660372e-11  -6.298701e-11  -4.660385e-11   9.335652e-03
   0.70000   2.133326e-02  -2.664700e-11  -8.041494e-11  -2.664619e-11   2.133326e-02  -3.877134e-11  -8.041543e-11  -3.877150e-11   1.123070e-02
   0.80000   3.379211e-02  -1.535982e-10  -1.025587e-10  -1.535972e-10   3.379211e-02   1.962415e-11  -1.025594e-10   1.962402e-11   1.334542e-02
   0.90000   8.144632e-02  -9.210853e-10  -1.342357e-10  -9.210833e-10   8.144632e-02   3.813948e-10  -1.342367e-10   3.813946e-10   1.592626e-02
   1.00000   1.340689e-01  -4.551522e-10  -3.140793e-10  -4.551550e-10   1.340689e-01   6.063949e-10  -3.140797e-10   6.063922e-10   1.933566e-02
   1.10000   1.555480e-01   1.450075e-10  -5.846670e-10   1.450106e-10   1.555480e-01   4.716925e-10  -5.846677e-10   4.716904e-10   2.300676e-02
   1.20000   2.372916e-01  -4.568595e-10  -9.929219e-10  -4.568549e-10   2.372916e-01   5.114020e-10  -9.929217e-10   5.114016e-10   2.768475e-02
   1.30000   2.952665e-01   8.633825e-10  -1.386087e-09   8.633866e-10   2.952665e-01   7.719333e-11  -1.386088e-09   7.719242e-11   3.122925e-02
   1.40000   4.166035e-01   4.336268e-09  -2.052789e-09   4.336270e-09   4.166035e-01  -1.364159e-10  -2.052790e-09  -1.364142e-10   3.893645e-02
   1.50000   3.735061e-01   2.963979e-09  -1.962484e-09   2.963966e-09   3.735061e-01  -6.225780e-10  -1.962479e-09  -6.225797e-10   4.615560e-02
   1.60000   3.670630e-01   1.000011e-09  -1.921874e-09   1.000006e-09   3.670630e-01  -1.035756e-09  -1.921873e-09  -1.035755e-09   5.857459e-02
   1.70000   4.559902e-01   8.694946e-09  -2.349706e-09   8.694947e-09   4.559902e-01  -4.490995e-10  -2.349702e-09  -4.490941e-10   7.127485e-02
   1.80000   6.208965e-01   6.685429e-09  -3.231817e-09   6.685410e-09   6.208965e-01   1.394085e-09  -3.231818e-09   1.394085e-09   1.000903e-01
   1.90000   6.141623e-01   6.458025e-09  -3.172211e-09   6.458019e-09   6.141623e-01   1.268544e-09  -3.172206e-09   1.268550e-09   1.339433e-01
   2.00000   6.673447e-01   3.431431e-09  -2.839530e-09   3.431434e-09   6.673448e-01  -2.611626e-10  -2.839537e-09  -2.611653e-10   2.165155e-01
   2.10000   6.084451e-01  -1.282467e-09  -1.393453e-09  -1.282458e-09   6.084451e-01  -3.302930e-09  -1.393466e-09  -3.302927e-09   4.040049e-01
   2.20000   6.080119e-01  -3.676669e-09   7.346746e-10  -3.676674e-09   6.080119e-01  -7.164653e-09   7.346686e-10  -7.164620e-09   5.521140e-01
   2.30000   1.066713e+00  -1.885787e-09   1.499966e-09  -1.885779e-09   1.066713e+00  -1.559276e-08   1.499980e-09  -1.559278e-08   7.469266e-01
   2.40000   1.376794e+00  -8.202945e-09   3.331063e-09  -8.202947e-09   1.376794e+00  -2.248614e-08   3.331063e-09  -2.248614e-08   8.488391e-01
   2.50000   1.388622e+00  -5.740077e-09   4.134292e-09  -5.740084e-09   1.388622e+00  -2.717735e-08   4.134302e-09  -2.717734e-08   1.094145e+00
   2.60000   1.329156e+00  -1.098212e-08   2.393920e-09  -1.098211e-08   1.329156e+00  -2.900122e-08   2.393908e-09  -2.900121e-08   1.442883e+00
   2.70000   1.681151e+00  -9.343051e-09   2.897473e-09  -9.343038e-09   1.681151e+00  -3.884956e-08   2.897470e-09  -3.884956e-08   1.953739e+00
   2.80000   1.440037e+00  -1.647727e-08  -2.566969e-09  -1.647727e-08   1.440037e+00  -3.838788e-08  -2.566981e-09  -3.838789e-08   2.623536e+00
   2.90000   1.793025e+00   2.203377e-08  -2.582012e-08   2.203370e-08   1.793025e+00  -2.273563e-08  -2.582006e-08  -2.273563e-08   3.471830e+00
   3.00000   1.193364e+00   9.508540e-09  -1.893545e-08   9.508541e-09   1.193364e+00  -1.438756e-08  -1.893545e-08  -1.438759e-08   2.830682e+00
   3.10000   1.134174e+00   5.006658e-09  -1.206973e-08   5.006675e-09   1.134174e+00  -1.148448e-08  -1.206974e-08  -1.148446e-08   2.831045e+00
   3.20000   1.233429e+00   8.001715e-09  -1.165762e-08   8.001714e-09   1.233429e+00  -1.784836e-08  -1.165763e-08  -1.784836e-08   3.290694e+00
   3.30000   1.581894e+00   2.007012e-08  -2.630226e-08   2.007012e-08   1.581894e+00  -9.603343e-09  -2.630226e-08  -9.603370e-09   3.100925e+00
   3.40000   2.365509e+00  -3.086202e-08  -3.030244e-08  -3.086199e-08   2.365509e+00  -1.609895e-08  -3.030245e-08  -1.609894e-08   3.579790e+00
   3.50000   1.770653e+00  -1.904421e-08  -1.790684e-08  -1.904424e-08   1.770653e+00  -1.433438e-08  -1.790682e-08  -1.433437e-08   3.730113e+00
   3.60000   1.613831e+00  -1.078295e-08  -2.845259e-08  -1.078295e-08   1.613831e+00  -2.413153e-08  -2.845255e-08  -2.413153e-08   4.472059e+00
   3.70000   2.040218e+00  -2.035163e-09  -4.777933e-08  -2.035156e-09   2.040218e+00  -4.591584e-09  -4.777935e-08  -4.591562e-09   6.082720e+00
   3.80000   2.003399e+00   3.596752e-09  -1.594049e-08   3.596728e-09   2.003399e+00   3.149927e-09  -1.594049e-08   3.149927e-09   4.941716e+00
   3.90000   3.096261e+00  -2.929462e-10  -1.069862e-08  -2.929312e-10   3.096261e+00  -7.229222e-10  -1.069860e-08  -7.229119e-10   3.997552e+00
   4.00000   4.012446e+00   7.060848e-08  -1.811628e-08   7.060847e-08   4.012447e+00  -1.356335e-08  -1.811630e-08  -1.356333e-08   3.540460e+00
   4.10000   3.570861e+00   5.413321e-08  -1.230694e-08   5.413320e-08   3.570861e+00   6.981393e-09  -1.230694e-08   6.981349e-09   3.199308e+00
   4.20000   2.816198e+00  -1.506410e-08  -6.948508e-09  -1.506412e-08   2.816199e+00   2.283195e-09  -6.948522e-09   2.283219e-09   2.352353e+00
   4.30000   2.609503e+00  -4.321502e-09   7.110922e-10  -4.321498e-09   2.609503e+00  -4.773154e-09   7.110792e-10  -4.773167e-09   2.337734e+00
   4.40000   1.922402e+00   6.663322e-09   3.801893e-09   6.663328e-09   1.922402e+00  -1.253632e-08   3.801898e-09  -1.253632e-08   1.989254e+00
   4.50000   2.399295e+00   8.318274e-09   1.363074e-10   8.318267e-09   2.399295e+00   1.353755e-09   1.363057e-10   1.353753e-09   1.996664e+00
   4.60000   2.293290e+00   7.937602e-09  -2.682801e-09   7.937598e-09   2.293290e+00  -1.426105e-08  -2.682797e-09  -1.426103e-08   1.573203e+00
   4.70000   2.458655e+00  -7.301508e-09  -1.360492e-08  -7.301495e-09   2.458655e+00  -8.472045e-09  -1.360490e-08  -8.472059e-09   1.403657e+00
   4.80000   2.492979e+00  -9.311541e-09  -3.050111e-08  -9.311539e-09   2.492979e+00  -1.319352e-08  -3.050109e-08  -1.319348e-08   1.709460e+00
   4.90000   2.323406e+00  -1.298043e-09  -4.405010e-08  -1.298063e-09   2.323406e+00  -4.355672e-10  -4.405011e-08  -4.355694e-10   1.570289e+00
   5.00000   2.027218e+00   1.017988e-09  -3.966700e-08   1.017970e-09   2.027218e+00  -8.752763e-09  -3.966698e-08  -8.752767e-09   1.701224e+00
   5.10000   2.140416e+00   7.527651e-09  -4.485135e-08   7.527672e-09   2.140416e+00  -1.534502e-08  -4.485135e-08  -1.534503e-08   2.992393e+00
   5.20000   2.914873e+00  -7.249502e-09  -3.716081e-08  -7.249486e-09   2.914873e+00  -6.299142e-08  -3.716083e-08  -6.299142e-08   3.147089e+00
   5.30000   2.622501e+00   6.807638e-09  -2.814145e-08   6.807635e-09   2.622501e+00  -3.160019e-08  -2.814146e-08  -3.160021e-08   2.419027e+00
   5.40000   2.998989e+00   2.590229e-09  -1.894044e-08   2.590230e-09   2.998989e+00  -4.225561e-08  -1.894044e-08  -4.225562e-08   2.409088e+00
   5.50000   3.047284e+00   5.268406e-09  -1.007753e-08   5.268405e-09   3.047284e+00  -5.414557e-08  -1.007756e-08  -5.414559e-08   2.254120e+00
   5.60000   2.903323e+00   1.287467e-09   3.996305e-09   1.287474e-09   2.903323e+00  -3.812724e-08   3.996335e-09  -3.812722e-08   1.819758e+00
   5.70000   2.320109e+00   4.827308e-09   4.885198e-10   4.827333e-09   2.320109e+00   8.915651e-10   4.885368e-10   8.915958e-10   1.448880e+00
   5.80000   2.376416e+00  -1.048442e-09   3.215201e-09  -1.048460e-09   2.376416e+00   3.332465e-09   3.215201e-09   3.332461e-09   1.624501e+00
   5.90000   2.515317e+00   1.472675e-09   1.471415e-09   1.472659e-09   2.515317e+00  -3.300353e-08   1.471419e-09  -3.300355e-08   2.410165e+00
   6.00000   2.128507e+00  -4.188330e-09   4.210504e-09  -4.188341e-09   2.128507e+00  -6.169819e-08   4.210533e-09  -6.169819e-08   2.493119e+00
   6.10000   2.614682e+00  -2.566679e-09   3.265174e-08  -2.566615e-09   2.614682e+00  -6.033062e-08   3.265172e-08  -6.033061e-08   1.899745e+00
   6.20000   2.081930e+00  -1.884767e-09   8.235898e-09  -1.884750e-09   2.081930e+00  -7.829261e-08   8.235915e-09  -7.829263e-08   1.510677e+00
   6.30000   1.862409e+00   1.928953e-09   5.299034e-09   1.928935e-09   1.862409e+00  -3.941892e-08   5.299038e-09  -3.941891e-08   1.081223e+00
   6.40000   1.800435e+00  -1.242899e-08   1.216503e-08  -1.242903e-08   1.800435e+00  -7.133312e-09   1.216502e-08  -7.133312e-09   7.808075e-01
   6.50000   1.507977e+00   3.327162e-09   9.860792e-09   3.327176e-09   1.507977e+00  -7.664350e-09   9.860780e-09  -7.664344e-09   7.017143e-01
   6.60000   1.492453e+00  -8.750235e-09  -2.436285e-09  -8.750224e-09   1.492453e+00  -2.709343e-08  -2.436279e-09  -2.709342e-08   7.599152e-01
   6.70000   1.708033e+00  -1.535389e-10   7.076066e-09  -1.535462e-10   1.708033e+00   2.496860e-09   7.076057e-09   2.496866e-09   7.850092e-01
   6.80000   1.623852e+00   2.737718e-09  -4.059902e-09   2.737724e-09   1.623852e+00  -4.425919e-09  -4.059902e-09  -4.425923e-09   8.782757e-01
   6.90000   1.607624e+00  -4.701242e-09  -1.502011e-08  -4.701241e-09   1.607624e+00   4.631325e-09  -1.502012e-08   4.631319e-09   9.841624e-01
   7.00000   1.442681e+00   3.662610e-09  -1.816303e-08   3.662611e-09   1.442681e+00   5.041381e-09  -1.816304e-08   5.041392e-09   1.240647e+00
   7.10000   1.278603e+00  -6.109068e-09  -3.555772e-08  -6.109045e-09   1.278603e+00   1.485851e-09  -3.555770e-08   1.485845e-09   1.384780e+00
   7.20000   1.195056e+00  -1.648401e-10  -8.987904e-09  -1.648517e-10   1.195056e+00   1.212377e-08  -8.987901e-09   1.212378e-08   1.310695e+00
   7.30000   8.912107e-01   2.674261e-10  -1.629544e-08   2.674300e-10   8.912107e-01   4.819768e-09  -1.629544e-08   4.819771e-09   1.015433e+00
   7.40000   8.896866e-01   4.648480e-09   2.814415e-09   4.648477e-09   8.896866e-01   6.162706e-09   2.814420e-09   6.162692e-09   9.858243e-01
   7.50000   9.422498e-01   3.172714e-09   5.958976e-09   3.172708e-09   9.422498e-01   2.482663e-08   5.958968e-09   2.482663e-08   1.006495e+00
   7.60000   1.023603e+00   5.401775e-09   9.687998e-09   5.401776e-09   1.023603e+00   1.284447e-08   9.687995e-09   1.284447e-08   1.124418e+00
   7.70000   1.046813e+00   4.037586e-09  -1.283077e-09   4.037591e-09   1.046813e+00   3.733147e-08  -1.283075e-09   3.733147e-08   1.094026e+00
   7.80000   1.035133e+00   7.334241e-09   1.723717e-09   7.334234e-09   1.035133e+00   2.461934e-08   1.723711e-09   2.461935e-08   1.211040e+00
   7.90000   9.325557e-01   9.864095e-10   6.395087e-09   9.864158e-10   9.325557e-01   1.556464e-08   6.395090e-09   1.556463e-08   1.160304e+00
   8.00000   8.390693e-01   5.307322e-09   1.202981e-08   5.307323e-09   8.390693e-01   9.716729e-09   1.202981e-08   9.716728e-09   1.161723e+00
   8.10000   8.057786e-01   2.488119e-10   1.629062e-11   2.488090e-10   8.057786e-01   2.169818e-08   1.628548e-11   2.169817e-08   1.124780e+00
   8.20000   9.416795e-01   5.786763e-10   1.129943e-08   5.786747e-10   9.416795e-01   2.067809e-08   1.129943e-08   2.067811e-08   1.115705e+00
   8.30000   1.094183e+00   1.173762e-09   3.162545e-08   1.173756e-09   1.094183e+00   1.027059e-08   3.162546e-08   1.027057e-08   1.081055e+00
   8.40000   1.137606e+00   8.560548e-10   2.001213e-08   8.560451e-10   1.137606e+00   1.759959e-08   2.001212e-08   1.759958e-08   1.011196e+00
   8.50000   1.040076e+00  -9.885807e-13   1.993416e-08  -9.891480e-13   1.040076e+00   1.094061e-08   1.993415e-08   1.094062e-08   8.042409e-01
   8.60000   8.318411e-01  -2.007633e-09   3.972656e-08  -2.007632e-09   8.318411e-01   5.599506e-09   3.972657e-08   5.599516e-09   7.787234e-01
   8.70000   7.033503e-01  -1.921223e-09   4.848424e-09  -1.921226e-09   7.033503e-01   1.987845e-08   4.848422e-09   1.987845e-08   7.161581e-01
   8.80000   6.899081e-01  -3.162354e-09   2.801379e-09  -3.162353e-09   6.899081e-01   2.669907e-08   2.801379e-09   2.669907e-08   8.728546e-01
   8.90000   6.292090e-01   8.145519e-10   7.616468e-09   8.145584e-10   6.292090e-01   3.529871e-08   7.616464e-09   3.529871e-08   8.908827e-01
   9.00000   5.476463e-01  -1.062382e-09  -1.814937e-08  -1.062385e-09   5.476464e-01   2.861325e-08  -1.814937e-08   2.861325e-08   7.087849e-01
   9.10000   5.881625e-01   1.648765e-09  -3.037429e-08   1.648776e-09   5.881625e-01   2.949637e-08  -3.037428e-08   2.949636e-08   7.462853e-01
   9.20000   6.187381e-01   1.624386e-09  -2.321002e-08   1.624386e-09   6.187381e-01   3.666125e-08  -2.321002e-08   3.666125e-08   6.869742e-01
   9.30000   6.104483e-01   2.171519e-09  -2.139774e-08   2.171512e-09   6.104483e-01   4.768567e-08  -2.139774e-08   4.768567e-08   6.667045e-01
   9.40000   6.365032e-01  -8.650174e-10  -2.296976e-08  -8.650123e-10   6.365032e-01   3.465865e-08  -2.296976e-08   3.465864e-08   5.729817e-01
   9.50000   7.028919e-01   2.821179e-09  -2.718597e-08   2.821178e-09   7.028919e-01   3.254851e-08  -2.718597e-08   3.254852e-08   6.299111e-01
   9.60000   6.531951e-01   4.030163e-09  -1.790120e-08   4.030168e-09   6.531951e-01   2.245707e-08  -1.790120e-08   2.245707e-08   5.152019e-01
   9.70000   5.702164e-01   3.665872e-09  -7.681463e-09   3.665869e-09   5.702164e-01   1.702417e-08  -7.681464e-09   1.702417e-08   4.230188e-01
   9.80000   5.526076e-01   3.042071e-09  -4.715397e-09   3.042055e-09   5.526077e-01   2.395890e-08  -4.715398e-09   2.395890e-08   4.754632e-01
   9.90000   5.657845e-01   2.203399e-09  -3.018110e-09   2.203409e-09   5.657845e-01   1.729056e-08  -3.018111e-09   1.729055e-08   4.319692e-01
  10.00000   6.035265e-01   1.066328e-09   2.655669e-10   1.066315e-09   6.035266e-01   1.225866e-08   2.655697e-10   1.225867e-08   4.509295e-01
  10.10000   5.462786e-01  -2.460733e-10  -9.321521e-09  -2.460580e-10   5.462786e-01   1.558412e-08  -9.321526e-09   1.558412e-08   4.726369e-01
  10.20000   5.431504e-01  -5.739684e-10  -1.909172e-08  -5.739649e-10   5.431504e-01   1.894448e-08  -1.909171e-08   1.894448e-08   5.364003e-01
  10.30000   5.639650e-01   4.529821e-10  -3.996387e-09   4.529822e-10   5.639650e-01   1.326787e-08  -3.996386e-09   1.326787e-08   4.267656e-01
  10.40000   5.476806e-01  -1.938427e-09  -1.900556e-09  -1.938424e-09   5.476806e-01   9.754594e-09  -1.900553e-09   9.754592e-09   4.061551e-01
  10.50000   4.766403e-01  -3.134964e-09   4.347506e-09  -3.134968e-09   4.766404e-01   1.634137e-08   4.347510e-09   1.634136e-08   4.032447e-01
  10.60000   4.844500e-01  -3.209797e-09   1.749727e-08  -3.209794e-09   4.844500e-01   9.210635e-09   1.749726e-08   9.210637e-09   3.707021e-01
  10.70000   5.545739e-01  -3.285948e-09   2.090009e-08  -3.285944e-09   5.545739e-01   1.832621e-08   2.090009e-08   1.832620e-08   4.354928e-01
  10.80000   6.840967e-01  -1.760054e-09   4.450427e-09  -1.760058e-09   6.840967e-01   1.303748e-08   4.450425e-09   1.303748e-08   4.213460e-01
  10.90000   6.153349e-01  -1.658902e-09   4.659351e-09  -1.658906e-09   6.153350e-01   1.110442e-08   4.659352e-09   1.110442e-08   3.510115e-01
  11.00000   5.184046e-01  -2.839679e-09   7.411931e-09  -2.839677e-09   5.184046e-01  -1.740251e-09   7.411931e-09  -1.740249e-09   3.599907e-01
  11.10000   4.234534e-01  -7.408013e-10  -1.085206e-09  -7.408020e-10   4.234534e-01   2.195861e-09  -1.085209e-09   2.195862e-09   3.367049e-01
  11.20000   4.160758e-01  -3.459704e-09  -2.911218e-09  -3.459698e-09   4.160758e-01   1.118339e-08  -2.911217e-09   1.118339e-08   3.655054e-01
  11.30000   3.935888e-01   2.732023e-10  -6.229747e-09   2.731991e-10   3.935888e-01   1.254886e-08  -6.229751e-09   1.254886e-08   4.095289e-01
  11.40000   3.838101e-01  -2.418935e-09  -1.368593e-08  -2.418932e-09   3.838102e-01   1.246088e-08  -1.368593e-08   1.246088e-08   4.513084e-01
  11.50000   3.714488e-01   6.731627e-10  -2.175567e-08   6.731588e-10   3.714488e-01   1.824971e-08  -2.175566e-08   1.824972e-08   5.282629e-01
  11.60000   3.781019e-01  -2.899196e-09  -2.294271e-08  -2.899195e-09   3.781019e-01   1.570892e-08  -2.294271e-08   1.570892e-08   5.236456e-01
  11.70000   3.844729e-01  -7.739713e-10  -1.160770e-08  -7.739727e-10   3.844730e-01   1.196056e-08  -1.160770e-08   1.196055e-08   5.024455e-01
  11.80000   3.970195e-01  -2.575169e-09  -7.570541e-09  -2.575177e-09   3.970196e-01  -4.897082e-09  -7.570541e-09  -4.897079e-09   5.046104e-01
  11.90000   4.448127e-01  -8.593348e-11  -7.826333e-09  -8.592567e-11   4.448128e-01   4.086338e-09  -7.826336e-09   4.086341e-09   4.617363e-01
  12.00000   3.982124e-01  -4.009481e-10  -4.023629e-09  -4.009501e-10   3.982124e-01   1.316851e-08  -4.023630e-09   1.316851e-08   4.486149e-01
  12.10000   3.603308e-01   1.147281e-09  -3.547918e-09   1.147287e-09   3.603308e-01   1.166103e-08  -3.547914e-09   1.166103e-08   4.529560e-01
  12.20000   2.964551e-01  -4.690740e-10  -1.055851e-08  -4.690783e-10   2.964551e-01   5.091909e-09  -1.055851e-08   5.091907e-09   4.348195e-01
  12.30000   2.852814e-01   1.822863e-09  -1.287895e-08   1.822860e-09   2.852815e-01   3.652337e-09  -1.287895e-08   3.652337e-09   4.197817e-01
  12.40000   3.037543e-01   1.775518e-10  -1.939673e-08   1.775547e-10   3.037543e-01  -1.400965e-09  -1.939674e-08  -1.400967e-09   4.468285e-01
  12.50000   3.233823e-01  -4.312519e-09  -1.468421e-08  -4.312522e-09   3.233823e-01   2.701930e-09  -1.468421e-08   2.701930e-09   4.362846e-01
  12.60000   3.151855e-01  -4.329020e-09  -9.219178e-09  -4.329021e-09   3.151855e-01   5.179670e-09  -9.219180e-09   5.179672e-09   4.399702e-01
  12.70000   3.373022e-01  -1.844764e-09  -1.422250e-08  -1.844763e-09   3.373022e-01  -6.111069e-09  -1.422250e-08  -6.111068e-09   4.216767e-01
  12.80000   3.135733e-01  -4.229939e-10  -1.425338e-08  -4.229927e-10   3.135734e-01  -4.043980e-09  -1.425338e-08  -4.043982e-09   3.529542e-01
  12.90000   3.014804e-01  -2.153419e-10  -1.411984e-08  -2.153422e-10   3.014804e-01   3.924544e-10  -1.411984e-08   3.924556e-10   3.480636e-01
  13.00000   2.770279e-01  -1.312966e-09  -8.616555e-09  -1.312963e-09   2.770279e-01  -6.339790e-10  -8.616557e-09  -6.339785e-10   3.605016e-01
  13.10000   2.654152e-01  -5.245067e-10  -4.484102e-09  -5.245047e-10   2.654152e-01  -9.117474e-10  -4.484101e-09  -9.117488e-10   2.765832e-01
  13.20000   2.533532e-01  -6.714300e-10  -1.749450e-09  -6.714313e-10   2.533532e-01  -2.194170e-09  -1.749450e-09  -2.194172e-09   2.525553e-01
  13.30000   2.194403e-01   1.188901e-10  -1.126773e-09   1.188917e-10   2.194403e-01  -7.795115e-09  -1.126776e-09  -7.795117e-09   2.611173e-01
  13.40000   2.246980e-01   3.386383e-10   4.622997e-09   3.386399e-10   2.246980e-01  -9.949500e-09   4.623000e-09  -9.949500e-09   2.588495e-01
  13.50000   2.025628e-01  -9.482400e-10  -1.021307e-09  -9.482385e-10   2.025628e-01  -1.058288e-08  -1.021307e-09  -1.058288e-08   2.634218e-01
  13.60000   1.868446e-01   3.044967e-10   5.809520e-10   3.044946e-10   1.868446e-01  -1.126828e-08   5.809513e-10  -1.126828e-08   2.744777e-01
  13.70000   1.748037e-01   4.550517e-10  -5.430482e-10   4.550505e-10   1.748037e-01  -1.191078e-08  -5.430485e-10  -1.191078e-08   2.677674e-01
  13.80000   1.784971e-01   5.530680e-10  -6.746350e-09   5.530671e-10   1.784971e-01  -7.000125e-09  -6.746353e-09  -7.000125e-09   2.354757e-01
  13.90000   1.852264e-01   3.432513e-10  -1.089525e-08   3.432510e-10   1.852264e-01  -4.045456e-09  -1.089525e-08  -4.045457e-09   2.292535e-01
  14.00000   1.895567e-01  -7.307763e-10  -6.468651e-09  -7.307761e-10   1.895567e-01  -2.829539e-09  -6.468650e-09  -2.829539e-09   2.011131e-01
  14.10000   1.647261e-01   4.961188e-10  -5.899265e-09   4.961171e-10   1.647262e-01  -7.014392e-09  -5.899266e-09  -7.014393e-09   1.842817e-01
  14.20000   1.599547e-01  -7.406280e-10  -8.258318e-09  -7.406285e-10   1.599547e-01  -1.039669e-08  -8.258316e-09  -1.039669e-08   1.768921e-01
  14.30000   1.518801e-01   5.318109e-11  -2.480798e-09   5.318069e-11   1.518802e-01  -9.881569e-10  -2.480797e-09  -9.881554e-10   1.510442e-01
  14.40000   1.417127e-01  -2.109093e-10  -2.859436e-09  -2.109099e-10   1.417127e-01   1.111760e-08  -2.859435e-09   1.111760e-08   1.564470e-01
  14.50000   1.388524e-01   2.976830e-10  -6.920758e-09   2.976835e-10   1.388524e-01   8.510466e-09  -6.920757e-09   8.510463e-09   1.601446e-01
  14.60000   1.347408e-01  -2.615044e-10  -6.744716e-09  -2.615041e-10   1.347408e-01   1.343625e-08  -6.744717e-09   1.343625e-08   1.616503e-01
  14.70000   1.508102e-01   3.038113e-10  -8.458329e-09   3.038109e-10   1.508102e-01   5.978104e-09  -8.458327e-09   5.978105e-09   1.543069e-01
  14.80000   1.503334e-01  -3.153550e-10  -6.603092e-09  -3.153552e-10   1.503334e-01   8.398649e-10  -6.603092e-09   8.398638e-10   1.632331e-01
  14.90000   1.458177e-01  -1.092478e-09  -2.780727e-09  -1.092478e-09   1.458177e-01  -9.720861e-10  -2.780727e-09  -9.720861e-10   1.715393e-01
  15.00000   1.463380e-01  -3.448325e-10  -2.815514e-09  -3.448328e-10   1.463381e-01   9.372413e-10  -2.815514e-09   9.372410e-10   1.711474e-01
  15.10000   1.351824e-01  -6.643678e-10  -1.200084e-09  -6.643694e-10   1.351824e-01  -7.189084e-10  -1.200085e-09  -7.189094e-10   1.680396e-01
  15.20000   1.211731e-01  -5.142611e-10  -3.218433e-09  -5.142603e-10   1.211731e-01   4.841554e-09  -3.218433e-09   4.841554e-09   1.794561e-01
  15.30000   1.172667e-01  -1.585743e-11  -1.091540e-10  -1.585819e-11   1.172667e-01   3.705182e-09  -1.091543e-10   3.705184e-09   2.129274e-01
  15.40000   1.130855e-01  -3.022637e-10   2.810046e-09  -3.022652e-10   1.130855e-01   3.105877e-09   2.810047e-09   3.105875e-09   2.368132e-01
  15.50000   1.100746e-01   5.766999e-10   6.256633e-09   5.767004e-10   1.100746e-01   6.995156e-09   6.256632e-09   6.995155e-09   2.176257e-01
  15.60000   1.185407e-01   5.815691e-10   6.059211e-09   5.815686e-10   1.185407e-01   7.813170e-09   6.059212e-09   7.813169e-09   2.198499e-01
  15.70000   1.145899e-01   5.160998e-10   5.993505e-09   5.161016e-10   1.145899e-01   8.716320e-09   5.993503e-09   8.716320e-09   2.151053e-01
  15.80000   1.259173e-01   3.383085e-11   9.847411e-09   3.383180e-11   1.259173e-01   2.186831e-08   9.847414e-09   2.186831e-08   3.157990e-01
  15.90000   1.249948e-01   3.705026e-10   6.820007e-09   3.704997e-10   1.249948e-01   6.405919e-09   6.820008e-09   6.405922e-09   2.671502e-01
  16.00000   1.193897e-01  -7.664939e-10   2.990356e-09  -7.664935e-10   1.193897e-01   4.121508e-09   2.990355e-09   4.121508e-09   2.112232e-01
  16.10000   1.376017e-01   1.127336e-10  -7.732227e-11   1.127344e-10   1.376017e-01   3.639567e-09  -7.732142e-11   3.639566e-09   2.091128e-01
  16.20000   1.386112e-01   2.016288e-10   9.922601e-10   2.016298e-10   1.386112e-01   1.837805e-09   9.922634e-10   1.837805e-09   2.131619e-01
  16.30000   1.418065e-01   2.112736e-10   7.532428e-10   2.112722e-10   1.418065e-01  -1.948728e-09   7.532416e-10  -1.948728e-09   2.085365e-01
  16.40000   1.377542e-01   4.682396e-10  -2.088746e-09   4.682384e-10   1.377542e-01  -4.326120e-09  -2.088747e-09  -4.326119e-09   2.172240e-01
  16.50000   1.318795e-01   2.970869e-10  -1.298996e-09   2.970856e-10   1.318795e-01  -4.015424e-09  -1.298997e-09  -4.015425e-09   1.937510e-01
  16.60000   1.352463e-01  -1.730856e-10  -9.337218e-11  -1.730842e-10   1.352463e-01  -1.020606e-09  -9.337128e-11  -1.020605e-09   1.750077e-01
  16.70000   1.353778e-01   8.936267e-11   2.223173e-09   8.936269e-11   1.353778e-01  -4.708600e-09   2.223174e-09  -4.708599e-09   1.890931e-01
  16.80000   1.294027e-01   4.638794e-10   4.858944e-09   4.638775e-10   1.294027e-01   6.439481e-10   4.858943e-09   6.439488e-10   1.870624e-01
  16.90000   1.376806e-01  -4.899578e-10   8.120571e-09  -4.899568e-10   1.376806e-01   5.698959e-09   8.120571e-09   5.698958e-09   2.108045e-01
  17.00000   1.282146e-01  -4.495040e-10   2.631271e-09  -4.495036e-10   1.282146e-01   1.965782e-09   2.631270e-09   1.965781e-09   1.781997e-01
  17.10000   1.271574e-01  -9.045569e-11   2.191536e-09  -9.045524e-11   1.271574e-01   8.524119e-10   2.191536e-09   8.524114e-10   1.663497e-01
  17.20000   1.228507e-01   2.401107e-10   2.027481e-09   2.401113e-10   1.228507e-01  -6.606741e-09   2.027479e-09  -6.606741e-09   1.398204e-01
  17.30000   1.285961e-01   2.242504e-10   8.615458e-10   2.242491e-10   1.285961e-01   2.721171e-10   8.615448e-10   2.721172e-10   1.318791e-01
  17.40000   1.307641e-01  -1.201559e-10   1.286456e-10  -1.201563e-10   1.307641e-01  -5.248067e-10   1.286465e-10  -5.248066e-10   1.281081e-01
  17.50000   1.404649e-01  -1.014153e-10   3.054977e-09  -1.014140e-10   1.404649e-01   1.123674e-09   3.054977e-09   1.123674e-09   1.405256e-01
  17.60000   1.241185e-01   7.347275e-11   3.135715e-09   7.347280e-11   1.241185e-01   1.482735e-09   3.135716e-09   1.482735e-09   1.397136e-01
  17.70000   1.198926e-01   4.205227e-11   1.536355e-09   4.205197e-11   1.198926e-01   4.223366e-09   1.536354e-09   4.223367e-09   1.376069e-01
  17.80000   1.148845e-01   2.893583e-10   1.375765e-09   2.893587e-10   1.148845e-01   5.196907e-09   1.375765e-09   5.196905e-09   1.269124e-01
  17.90000   1.130807e-01   1.760854e-10  -1.544968e-10   1.760842e-10   1.130807e-01   4.087824e-09  -1.544973e-10   4.087825e-09   1.241990e-01
  18.00000   1.069919e-01   8.735553e-11  -1.226579e-10   8.735475e-11   1.069919e-01   4.691792e-09  -1.226571e-10   4.691793e-09   1.077646e-01
  18.10000   1.074885e-01   1.938271e-10  -2.657122e-09   1.938275e-10   1.074885e-01   3.609934e-09  -2.657121e-09   3.609933e-09   1.098423e-01
  18.20000   1.222911e-01   5.000590e-11  -3.643174e-09   5.000600e-11   1.222911e-01   6.169191e-09  -3.643174e-09   6.169191e-09   1.356644e-01
  18.30000   1.285978e-01   2.491374e-10  -1.314548e-09   2.491357e-10   1.285978e-01   5.681655e-09  -1.314549e-09   5.681655e-09   1.406647e-01
  18.40000   1.474057e-01   1.016502e-09  -2.390990e-09   1.016502e-09   1.474057e-01   6.494596e-09  -2.390992e-09   6.494595e-09   1.527850e-01
  18.50000   1.665439e-01  -3.017933e-10  -1.306204e-09  -3.017932e-10   1.665439e-01   1.108647e-08  -1.306202e-09   1.108647e-08   1.710928e-01
  18.60000   1.781613e-01   1.665981e-10  -1.160552e-09   1.665993e-10   1.781613e-01   1.163439e-08  -1.160552e-09   1.163439e-08   1.912628e-01
  18.70000   1.806042e-01   6.433127e-10   4.720260e-10   6.433140e-10   1.806042e-01   1.291492e-08   4.720268e-10   1.291492e-08   2.061466e-01
  18.80000   1.873239e-01  -1.455420e-09   5.268523e-09  -1.455422e-09   1.873239e-01   1.337492e-08   5.268522e-09   1.337492e-08   2.464085e-01
  18.90000   1.641961e-01   2.957443e-10   9.837185e-10   2.957448e-10   1.641961e-01   1.023135e-08   9.837188e-10   1.023136e-08   1.918962e-01
  19.00000   1.388207e-01  -4.378007e-10   3.413526e-09  -4.378015e-10   1.388207e-01   7.419298e-09   3.413525e-09   7.419299e-09   1.582743e-01
  19.10000   1.642512e-01  -8.158141e-10   4.786361e-09  -8.158148e-10   1.642512e-01   6.281193e-09   4.786363e-09   6.281195e-09   1.852675e-01
  19.20000   1.905136e-01  -1.098019e-09   6.172546e-09  -1.098016e-09   1.905136e-01  -5.242205e-09   6.172546e-09  -5.242209e-09   2.039010e-01
  19.30000   1.832216e-01  -8.545372e-10   7.276471e-09  -8.545365e-10   1.832216e-01   2.116795e-09   7.276471e-09   2.116792e-09   2.100895e-01
  19.40000   1.721907e-01  -9.481544e-10   8.541689e-09  -9.481548e-10   1.721907e-01  -2.953522e-09   8.541690e-09  -2.953523e-09   1.992616e-01
  19.50000   1.678397e-01  -1.114957e-09   8.264145e-09  -1.114957e-09   1.678397e-01  -3.118718e-09   8.264146e-09  -3.118718e-09   1.854569e-01
  19.60000   1.626583e-01  -4.957858e-10  -6.160833e-11  -4.957864e-10   1.626583e-01  -4.812726e-09  -6.161104e-11  -4.812726e-09   1.633629e-01
  19.70000   1.633010e-01  -2.313467e-10  -4.929245e-10  -2.313474e-10   1.633010e-01  -1.389284e-09  -4.929246e-10  -1.389284e-09   1.602330e-01
  19.80000   1.633326e-01   2.023342e-11   4.099197e-09   2.023378e-11   1.633326e-01   4.511846e-09   4.099198e-09   4.511846e-09   1.720280e-01
  19.90000   1.654326e-01   1.025771e-09   7.775220e-10   1.025770e-09   1.654326e-01  -3.986346e-09   7.775215e-10  -3.986345e-09   1.806426e-01
  20.00000   1.880137e-01   4.900783e-10  -2.415520e-09   4.900785e-10   1.880137e-01  -9.714056e-09  -2.415521e-09  -9.714056e-09   1.895025e-01
  20.10000   1.932525e-01   1.192287e-09  -2.374282e-09   1.192288e-09   1.932525e-01  -7.313871e-10  -2.374281e-09  -7.313896e-10   1.859677e-01
  20.20000   1.956247e-01   9.557072e-10  -9.909261e-10   9.557059e-10   1.956247e-01   3.460784e-10  -9.909271e-10   3.460776e-10   1.938679e-01
  20.30000   2.052175e-01   1.229433e-09  -6.252348e-11   1.229433e-09   2.052175e-01   8.192428e-10  -6.252514e-11   8.192451e-10   2.168449e-01
  20.40000   1.922550e-01   1.493914e-09  -1.186937e-10   1.493915e-09   1.922550e-01   4.218697e-09  -1.186952e-10   4.218697e-09   2.044061e-01
  20.50000   1.657056e-01   7.434905e-10  -1.636374e-09   7.434891e-10   1.657056e-01   5.333144e-09  -1.636374e-09   5.333142e-09   1.635005e-01
  20.60000   1.614415e-01   6.984918e-10  -2.017764e-09   6.984911e-10   1.614415e-01   2.648937e-09  -2.017767e-09   2.648937e-09   1.386681e-01
  20.70000   1.629444e-01   4.683931e-10  -1.259206e-09   4.683958e-10   1.629444e-01   6.230527e-09  -1.259204e-09   6.230526e-09   1.493281e-01
  20.80000   1.607947e-01  -1.928020e-10  -7.413828e-10  -1.928009e-10   1.607947e-01   4.635778e-09  -7.413829e-10   4.635777e-09   1.567219e-01
  20.90000   1.669534e-01  -4.536260e-10  -1.636376e-12  -4.536276e-10   1.669533e-01   6.067372e-09  -1.635287e-12   6.067372e-09   1.649322e-01
  21.00000   1.918781e-01  -1.328709e-09   1.305897e-09  -1.328710e-09   1.918781e-01   4.710602e-09   1.305898e-09   4.710602e-09   1.787172e-01
  21.10000   2.016246e-01  -1.074115e-09  -7.586650e-10  -1.074116e-09   2.016246e-01   5.428578e-09  -7.586661e-10   5.428576e-09   1.819581e-01
  21.20000   2.132156e-01  -6.413986e-10  -1.842035e-10  -6.413984e-10   2.132156e-01   2.668848e-10  -1.842042e-10   2.668856e-10   1.786874e-01
  21.30000   2.028629e-01   8.431655e-10   5.960673e-10   8.431658e-10   2.028629e-01  -5.746379e-10   5.960694e-10  -5.746379e-10   1.387153e-01
  21.40000   1.938521e-01  -2.045959e-10   2.352921e-09  -2.045966e-10   1.938521e-01   3.948430e-09   2.352920e-09   3.948430e-09   1.458974e-01
  21.50000   1.931485e-01   6.619416e-10   3.136472e-09   6.619404e-10   1.931485e-01   9.342013e-09   3.136473e-09   9.342014e-09   1.787845e-01
  21.60000   1.715795e-01   4.919195e-10  -9.863732e-10   4.919200e-10   1.715795e-01   9.912138e-09  -9.863729e-10   9.912138e-09   1.697299e-01
  21.70000   1.489418e-01   2.537996e-13  -1.047873e-09   2.544189e-13   1.489418e-01   6.410178e-09  -1.047874e-09   6.410176e-09   1.484668e-01
  21.80000   1.351764e-01  -6.407112e-10  -1.345219e-09  -6.407119e-10   1.351764e-01   1.622026e-09  -1.345218e-09   1.622027e-09   1.228974e-01
  21.90000   1.341024e-01  -9.420249e-10  -7.303895e-10  -9.420249e-10   1.341024e-01   7.982318e-09  -7.303911e-10   7.982316e-09   1.238398e-01
  22.00000   1.333961e-01  -1.800096e-09  -4.123793e-10  -1.800097e-09   1.333960e-01  -4.642596e-09  -4.123787e-10  -4.642596e-09   1.205187e-01
  22.10000   1.187355e-01  -1.518562e-10  -5.431641e-10  -1.518542e-10   1.187355e-01  -1.119446e-09  -5.431640e-10  -1.119446e-09   1.126956e-01
  22.20000   1.065762e-01  -1.751672e-10  -4.145980e-10  -1.751669e-10   1.065762e-01   1.354839e-09  -4.145979e-10   1.354840e-09   1.105907e-01
  22.30000   1.056158e-01  -2.094117e-10   2.114313e-10  -2.094102e-10   1.056158e-01   2.564533e-09   2.114319e-10   2.564533e-09   1.038795e-01
  22.40000   1.066963e-01   4.685262e-10  -1.115222e-09   4.685258e-10   1.066963e-01  -6.780110e-10  -1.115222e-09  -6.780111e-10   1.005198e-01
  22.50000   9.824963e-02  -2.960774e-10   1.423319e-09  -2.960771e-10   9.824963e-02   2.314617e-09   1.423318e-09   2.314616e-09   1.147009e-01
  22.60000   9.774935e-02   1.173512e-10   1.549752e-09   1.173513e-10   9.774935e-02   3.677145e-09   1.549753e-09   3.677145e-09   1.177880e-01
  22.70000   9.606828e-02  -2.468860e-10  -6.344580e-10  -2.468863e-10   9.606828e-02   5.283585e-09  -6.344587e-10   5.283585e-09   1.085990e-01
  22.80000   1.006760e-01  -1.144000e-09  -5.209597e-10  -1.144000e-09   1.006759e-01   8.864973e-09  -5.209587e-10   8.864973e-09   1.010348e-01
  22.90000   9.478085e-02   9.267743e-10  -2.675793e-09   9.267740e-10   9.478084e-02   9.584149e-09  -2.675794e-09   9.584150e-09   9.266021e-02
  23.00000   9.237219e-02   9.806912e-10  -3.363221e-09   9.806912e-10   9.237218e-02   1.139394e-08  -3.363220e-09   1.139394e-08   9.324252e-02
  23.10000   9.205534e-02   1.277767e-09  -4.796659e-09   1.277768e-09   9.205534e-02   1.386676e-08  -4.796660e-09   1.386676e-08   9.622687e-02
  23.20000   8.342183e-02   1.903824e-10  -3.395881e-09   1.903812e-10   8.342183e-02   7.293489e-09  -3.395881e-09   7.293489e-09   8.951582e-02
  23.30000   7.929786e-02   3.262974e-10  -2.534730e-09   3.262971e-10   7.929785e-02   4.970138e-09  -2.534730e-09   4.970137e-09   8.456530e-02
  23.40000   8.150134e-02   3.398827e-10  -1.130786e-09   3.398825e-10   8.150134e-02   4.664866e-09  -1.130786e-09   4.664866e-09   8.768835e-02
  23.50000   8.351761e-02  -3.865705e-11   2.964295e-09  -3.865747e-11   8.351761e-02  -1.275614e-10   2.964295e-09  -1.275620e-10   9.857719e-02
  23.60000   8.294445e-02  -2.090074e-10   6.804066e-09  -2.090068e-10   8.294445e-02  -8.109191e-10   6.804066e-09  -8.109194e-10   1.045445e-01
  23.70000   7.621841e-02  -2.752854e-11   7.291112e-09  -2.752896e-11   7.621840e-02  -4.249784e-09   7.291111e-09  -4.249784e-09   8.722568e-02
  23.80000   7.068724e-02  -2.051832e-10   5.949991e-09  -2.051832e-10   7.068724e-02  -3.582510e-09   5.949990e-09  -3.582510e-09   8.461331e-02
  23.90000   7.071041e-02  -2.359422e-11   5.041034e-09  -2.359425e-11   7.071041e-02  -3.942611e-09   5.041034e-09  -3.942612e-09   7.615165e-02
  24.00000   7.552363e-02  -5.590800e-10   2.897530e-09  -5.590802e-10   7.552363e-02  -1.963263e-09   2.897529e-09  -1.963264e-09   6.603849e-02
  24.10000   7.984090e-02  -6.109355e-11   7.502517e-10  -6.109402e-11   7.984089e-02  -4.226326e-10   7.502511e-10  -4.226329e-10   6.949531e-02
  24.20000   7.573815e-02  -7.430090e-11   7.489841e-10  -7.430012e-11   7.573815e-02   2.347641e-09   7.489838e-10   2.347641e-09   6.665688e-02
  24.30000   7.547917e-02  -1.063759e-10   7.562826e-10  -1.063757e-10   7.547917e-02   1.440516e-09   7.562825e-10   1.440516e-09   7.034913e-02
  24.40000   7.876414e-02   1.777280e-10   2.528780e-09   1.777270e-10   7.876414e-02   6.469635e-10   2.528780e-09   6.469631e-10   7.794293e-02
  24.50000   7.774205e-02  -8.619462e-11   2.812681e-09  -8.619393e-11   7.774205e-02  -1.255450e-09   2.812682e-09  -1.255450e-09   7.352205e-02
  24.60000   7.427486e-02   7.971139e-11   3.107551e-09   7.971175e-11   7.427486e-02   9.427970e-10   3.107550e-09   9.427967e-10   8.100405e-02
  24.70000   6.730743e-02   3.313520e-10   5.090563e-09   3.313521e-10   6.730743e-02   2.804014e-09   5.090563e-09   2.804013e-09   7.920153e-02
  24.80000   6.383075e-02  -4.267108e-10   5.256721e-09  -4.267117e-10   6.383075e-02   4.701136e-09   5.256721e-09   4.701136e-09   7.101341e-02
  24.90000   6.604249e-02  -2.750189e-10   7.533137e-09  -2.750185e-10   6.604248e-02   8.255120e-10   7.533136e-09   8.255122e-10   7.112043e-02
  25.00000   7.029169e-02   4.272060e-10   2.332042e-09   4.272066e-10   7.029169e-02   1.681453e-09   2.332042e-09   1.681454e-09   6.364052e-02
  25.10000   7.879577e-02   3.075601e-10   1.836270e-09   3.075598e-10   7.879577e-02   1.444440e-09   1.836270e-09   1.444439e-09   6.886805e-02
  25.20000   8.038923e-02   6.035486e-10   5.088701e-09   6.035495e-10   8.038924e-02   1.577970e-09   5.088700e-09   1.577970e-09   7.259354e-02
  25.30000   8.078070e-02  -7.046834e-11   8.052227e-09  -7.046920e-11   8.078070e-02  -4.646594e-10   8.052227e-09  -4.646600e-10   8.134111e-02
  25.40000   8.017679e-02  -1.970724e-10   8.960017e-09  -1.970717e-10   8.017679e-02   8.907506e-11   8.960016e-09   8.907509e-11   8.248392e-02
  25.50000   7.750584e-02   4.166880e-11   5.594828e-09   4.166909e-11   7.750584e-02   2.757757e-09   5.594827e-09   2.757757e-09   7.566925e-02
  25.60000   7.878971e-02  -7.767259e-10   6.131468e-09  -7.767261e-10   7.878971e-02   2.376742e-09   6.131467e-09   2.376742e-09   7.458393e-02
  25.70000   7.578267e-02   1.659001e-10   5.317253e-09   1.658996e-10   7.578267e-02   3.573594e-09   5.317253e-09   3.573594e-09   7.028239e-02
  25.80000   7.110261e-02   3.361706e-10   2.907179e-09   3.361711e-10   7.110261e-02   5.587567e-09   2.907180e-09   5.587567e-09   6.343074e-02
  25.90000   7.375419e-02   1.489201e-10   3.368596e-09   1.489187e-10   7.375419e-02   5.380814e-09   3.368596e-09   5.380814e-09   6.377171e-02
  26.00000   6.757939e-02   1.288179e-10   5.294172e-09   1.288180e-10   6.757939e-02   4.330965e-09   5.294172e-09   4.330965e-09   6.141162e-02
  26.10000   6.772537e-02  -1.150292e-10   3.296622e-09  -1.150293e-10   6.772537e-02   5.503877e-09   3.296621e-09   5.503877e-09   6.111370e-02
  26.20000   6.288264e-02   8.859479e-11   3.999006e-09   8.859495e-11   6.288264e-02   3.277807e-09   3.999006e-09   3.277807e-09   6.215989e-02
  26.30000   6.546864e-02  -4.834073e-11   3.471828e-09  -4.834064e-11   6.546864e-02   5.942148e-09   3.471827e-09   5.942148e-09   7.090443e-02
  26.40000   6.049444e-02   4.532493e-10   4.634175e-09   4.532490e-10   6.049443e-02   7.217718e-09   4.634175e-09   7.217717e-09   7.290187e-02
  26.50000   5.429775e-02   3.232101e-10   6.515920e-09   3.232098e-10   5.429775e-02   4.415707e-09   6.515919e-09   4.415707e-09   6.977936e-02
  26.60000   4.886258e-02   2.834120e-10   6.620528e-09   2.834120e-10   4.886258e-02   2.545354e-09   6.620528e-09   2.545354e-09   5.814092e-02
  26.70000   4.989601e-02   2.952768e-10   7.771703e-09   2.952761e-10   4.989601e-02   3.531744e-09   7.771703e-09   3.531743e-09   6.166004e-02
  26.80000   5.298496e-02   5.665806e-10   8.221762e-09   5.665811e-10   5.298496e-02   4.063996e-09   8.221763e-09   4.063996e-09   6.021039e-02
  26.90000   5.441022e-02   6.811712e-10   7.598107e-09   6.811713e-10   5.441022e-02   8.775528e-09   7.598107e-09   8.775528e-09   6.074660e-02
  27.00000   5.537599e-02   2.155197e-10   7.632321e-09   2.155189e-10   5.537599e-02   6.839263e-09   7.632321e-09   6.839262e-09   5.689766e-02
  27.10000   5.466328e-02  -2.185147e-10   7.773075e-09  -2.185139e-10   5.466327e-02   8.981218e-09   7.773075e-09   8.981218e-09   5.163064e-02
  27.20000   5.578415e-02  -9.862633e-11   9.312833e-09  -9.862647e-11   5.578415e-02   8.639839e-09   9.312833e-09   8.639838e-09   5.505973e-02
  27.30000   5.681398e-02   2.737870e-10   8.864911e-09   2.737872e-10   5.681398e-02   4.968124e-09   8.864911e-09   4.968125e-09   5.407841e-02
  27.40000   5.404144e-02  -6.141157e-11   8.586791e-09  -6.141152e-11   5.404144e-02   3.002323e-09   8.586791e-09   3.002322e-09   5.068483e-02
  27.50000   5.276483e-02   8.056538e-11   8.833419e-09   8.056509e-11   5.276483e-02   2.073606e-09   8.833420e-09   2.073606e-09   5.283380e-02
  27.60000   5.459611e-02   6.065458e-11   8.571232e-09   6.065401e-11   5.459612e-02  -2.934249e-10   8.571232e-09  -2.934255e-10   5.096658e-02
  27.70000   5.577017e-02   3.782953e-10   7.839834e-09   3.782962e-10   5.577017e-02  -7.383773e-10   7.839834e-09  -7.383774e-10   5.193639e-02
  27.80000   5.429776e-02   1.547950e-10   8.593286e-09   1.547946e-10   5.429776e-02   1.292703e-09   8.593286e-09   1.292703e-09   5.366994e-02
  27.90000   5.150964e-02  -1.169160e-10   8.493151e-09  -1.169162e-10   5.150965e-02   2.166210e-09   8.493151e-09   2.166211e-09   4.914563e-02
  28.00000   5.411887e-02  -1.517658e-11   8.095021e-09  -1.517622e-11   5.411888e-02   1.958391e-09   8.095020e-09   1.958391e-09   5.108920e-02
  28.10000   5.827346e-02   5.910574e-10   6.890860e-09   5.910568e-10   5.827347e-02   4.619687e-09   6.890861e-09   4.619687e-09   5.073536e-02
  28.20000   5.792930e-02   3.474441e-10   4.379639e-09   3.474438e-10   5.792931e-02   6.263528e-10   4.379639e-09   6.263527e-10   4.956557e-02
  28.30000   5.469623e-02   1.803842e-10   9.674693e-11   1.803845e-10   5.469623e-02  -1.794392e-09   9.674667e-11  -1.794393e-09   4.817122e-02
  28.40000   5.784807e-02   6.213604e-10  -2.811823e-10   6.213601e-10   5.784807e-02  -2.045477e-09  -2.811823e-10  -2.045477e-09   4.817616e-02
  28.50000   6.203454e-02  -1.787918e-10   3.189589e-09  -1.787914e-10   6.203454e-02   3.702195e-10   3.189588e-09   3.702196e-10   5.378948e-02
  28.60000   7.027636e-02   2.495727e-10   5.445724e-09   2.495738e-10   7.027636e-02   1.327949e-09   5.445726e-09   1.327950e-09   6.379972e-02
  28.70000   6.448810e-02   8.643363e-10   8.118444e-09   8.643357e-10   6.448811e-02   1.804110e-09   8.118443e-09   1.804110e-09   6.832544e-02
  28.80000   5.585056e-02   3.355402e-10   6.187784e-09   3.355397e-10   5.585056e-02  -4.287332e-10   6.187784e-09  -4.287339e-10   6.044333e-02
  28.90000   4.852469e-02   3.814415e-10   7.513795e-09   3.814403e-10   4.852470e-02  -1.650801e-09   7.513795e-09  -1.650801e-09   5.406143e-02
  29.00000   5.154514e-02   3.233103e-10   8.217191e-09   3.233107e-10   5.154514e-02  -1.822443e-09   8.217191e-09  -1.822442e-09   5.870821e-02
  29.10000   5.837590e-02   4.489778e-11   6.258797e-09   4.489807e-11   5.837590e-02  -4.266637e-10   6.258798e-09  -4.266644e-10   5.544067e-02
  29.20000   6.122428e-02   4.595172e-11   9.094935e-09   4.595177e-11   6.122428e-02   3.649701e-10   9.094935e-09   3.649700e-10   5.513672e-02
  29.30000   6.113756e-02  -4.320219e-10   7.142870e-09  -4.320208e-10   6.113756e-02   1.324942e-10   7.142869e-09   1.324940e-10   5.403459e-02
  29.40000   5.932579e-02   3.909220e-11   8.130890e-09   3.909165e-11   5.932579e-02   5.526358e-10   8.130890e-09   5.526355e-10   5.241009e-02
  29.50000   6.395898e-02   8.724972e-11   9.395846e-09   8.725001e-11   6.395898e-02   1.318744e-09   9.395845e-09   1.318744e-09   5.747149e-02
  29.60000   7.155783e-02  -5.148999e-11   9.846586e-09  -5.149036e-11   7.155784e-02   8.717968e-10   9.846586e-09   8.717967e-10   6.248095e-02
  29.70000   7.122430e-02  -1.574392e-10   1.125632e-08  -1.574396e-10   7.122431e-02  -4.577047e-11   1.125632e-08  -4.577047e-11   6.404189e-02
  29.80000   6.593497e-02   4.102028e-10   9.849245e-09   4.102027e-10   6.593497e-02  -4.551183e-09   9.849245e-09  -4.551184e-09   5.916773e-02
  29.90000   5.840999e-02   9.516750e-11   7.895270e-09   9.516776e-11   5.840999e-02  -4.305767e-09   7.895270e-09  -4.305766e-09   5.453667e-02
  30.00000   5.821252e-02  -6.655973e-11   5.499865e-09  -6.656040e-11   5.821252e-02  -5.007192e-09   5.499865e-09  -5.007193e-09   5.249903e-02
