# omega(eV)            xx             xy             xz             yx             yy             yz             zx             zy             zz
   0.00000   3.044254e+00   1.775946e-09  -9.961457e-09   1.775946e-09   3.044254e+00  -6.584554e-09  -9.961457e-09  -6.584554e-09   3.148238e+00
   0.10000   3.046191e+00   1.778039e-09  -9.970110e-09   1.778039e-09   3.046191e+00  -6.593836e-09  -9.970110e-09  -6.593836e-09   3.149678e+00
   0.20000   3.052074e+00   1.784225e-09  -9.996303e-09   1.784224e-09   3.052074e+00  -6.621628e-09  -9.996303e-09  -6.621628e-09   3.154015e+00
   0.30000   3.062128e+00   1.794152e-09  -1.004078e-08   1.794152e-09   3.062128e+00  -6.667710e-09  -1.004078e-08  -6.667710e-09   3.161303e+00
   0.40000   3.076781e+00   1.806911e-09  -1.010488e-08   1.806911e-09   3.076781e+00  -6.731460e-09  -1.010488e-08  -6.731460e-09   3.171636e+00
   0.50000   3.096767e+00   1.820211e-09  -1.019079e-08   1.820211e-09   3.096767e+00  -6.811263e-09  -1.019079e-08  -6.811263e-09   3.185150e+00
   0.60000   3.123377e+00   1.828007e-09  -1.030196e-08   1.828007e-09   3.123377e+00  -6.902951e-09  -1.030196e-08  -6.902951e-09   3.202034e+00
   0.70000   3.159111e+00   1.812555e-09  -1.044389e-08   1.812555e-09   3.159111e+00  -6.995088e-09  -1.044389e-08  -6.995088e-09   3.222541e+00
   0.80000   3.209679e+00   1.717197e-09  -1.062612e-08   1.717197e-09   3.209679e+00  -7.053356e-09  -1.062612e-08  -7.053356e-09   3.247023e+00
   0.90000   3.272291e+00   1.879821e-09  -1.089885e-08   1.879821e-09   3.272291e+00  -7.162088e-09  -1.089885e-08  -7.162089e-09   3.275991e+00
   1.00000   3.299006e+00   2.810266e-09  -1.121537e-08   2.810260e-09   3.299006e+00  -7.828973e-09  -1.121537e-08  -7.828972e-09   3.308928e+00
   1.10000   3.331423e+00   3.632484e-09  -1.147937e-08   3.632486e-09   3.331423e+00  -8.384220e-09  -1.147937e-08  -8.384218e-09   3.348163e+00
   1.20000   3.362105e+00   2.574368e-09  -1.174587e-08   2.574364e-09   3.362105e+00  -9.113318e-09  -1.174587e-08  -9.113317e-09   3.391347e+00
   1.30000   3.462609e+00   5.167143e-09  -1.222196e-08   5.167141e-09   3.462609e+00  -9.589023e-09  -1.222196e-08  -9.589018e-09   3.444009e+00
   1.40000   3.245364e+00   2.069440e-09  -1.107009e-08   2.069431e-09   3.245364e+00  -1.026215e-08  -1.107008e-08  -1.026216e-08   3.500980e+00
   1.50000   3.426594e+00   5.187236e-09  -1.186604e-08   5.187223e-09   3.426594e+00  -1.087299e-08  -1.186603e-08  -1.087299e-08   3.574984e+00
   1.60000   3.327419e+00   3.401705e-09  -1.108079e-08   3.401704e-09   3.327419e+00  -1.063305e-08  -1.108079e-08  -1.063305e-08   3.652619e+00
   1.70000   3.563662e+00   1.310071e-09  -1.208790e-08   1.310065e-09   3.563662e+00  -1.082416e-08  -1.208790e-08  -1.082416e-08   3.752695e+00
   1.80000   3.474524e+00   1.261767e-09  -1.128108e-08   1.261773e-09   3.474524e+00  -1.296425e-08  -1.128110e-08  -1.296425e-08   3.874390e+00
   1.90000   3.434428e+00  -3.271892e-09  -1.041080e-08  -3.271891e-09   3.434428e+00  -1.515576e-08  -1.041080e-08  -1.515575e-08   4.006523e+00
   2.00000   3.479090e+00  -9.673434e-09  -1.090905e-08  -9.673423e-09   3.479090e+00  -2.009161e-08  -1.090905e-08  -2.009161e-08   4.206341e+00
   2.10000   3.488108e+00   5.379938e-10  -6.849472e-09   5.379986e-10   3.488108e+00  -2.186124e-08  -6.849458e-09  -2.186122e-08   4.395898e+00
   2.20000   3.746292e+00  -2.155115e-09  -1.008207e-08  -2.155110e-09   3.746292e+00  -2.652878e-08  -1.008207e-08  -2.652878e-08   4.484697e+00
   2.30000   3.944725e+00  -6.370474e-09  -1.092250e-08  -6.370491e-09   3.944725e+00  -2.609286e-08  -1.092247e-08  -2.609289e-08   4.538183e+00
   2.40000   3.612038e+00  -6.061414e-09  -1.346432e-08  -6.061403e-09   3.612038e+00  -2.495314e-08  -1.346433e-08  -2.495312e-08   4.745721e+00
   2.50000   3.492622e+00  -2.807739e-10  -1.843769e-08  -2.807927e-10   3.492622e+00  -1.911063e-08  -1.843768e-08  -1.911063e-08   4.988365e+00
   2.60000   3.456332e+00   3.792893e-09  -1.942438e-08   3.792895e-09   3.456332e+00  -1.565206e-08  -1.942440e-08  -1.565207e-08   4.962778e+00
   2.70000   3.347217e+00   6.651879e-09  -2.752336e-08   6.651864e-09   3.347217e+00  -7.653421e-09  -2.752336e-08  -7.653443e-09   5.235775e+00
   2.80000   3.245764e+00   1.647044e-08  -3.010489e-08   1.647040e-08   3.245764e+00   3.855802e-09  -3.010487e-08   3.855822e-09   5.112465e+00
   2.90000   3.011684e+00   1.756688e-08  -3.377441e-08   1.756690e-08   3.011684e+00   2.413817e-08  -3.377439e-08   2.413818e-08   4.489176e+00
   3.00000   2.855284e+00   8.233366e-10  -1.697575e-08   8.233516e-10   2.855284e+00   8.460715e-09  -1.697579e-08   8.460725e-09   3.885277e+00
   3.10000   3.244498e+00   9.422001e-09  -1.741691e-08   9.421994e-09   3.244498e+00   6.926093e-09  -1.741691e-08   6.926092e-09   3.842267e+00
   3.20000   3.399268e+00  -2.908272e-09  -1.564455e-08  -2.908266e-09   3.399268e+00   3.630675e-09  -1.564454e-08   3.630677e-09   3.915014e+00
   3.30000   3.978952e+00  -4.257764e-09  -2.369454e-08  -4.257757e-09   3.978952e+00  -4.919892e-09  -2.369453e-08  -4.919903e-09   3.964248e+00
   3.40000   3.103444e+00  -1.393801e-08  -2.286593e-08  -1.393801e-08   3.103444e+00   6.839179e-09  -2.286593e-08   6.839218e-09   3.772513e+00
   3.50000   2.936994e+00  -1.162912e-09  -2.019390e-08  -1.162904e-09   2.936994e+00   2.495518e-09  -2.019388e-08   2.495480e-09   3.761209e+00
   3.60000   3.391834e+00   2.817909e-08  -2.103891e-08   2.817907e-08   3.391834e+00   2.423310e-08  -2.103890e-08   2.423308e-08   3.512059e+00
   3.70000   3.366446e+00   1.423650e-08   3.056530e-08   1.423650e-08   3.366446e+00   1.390097e-08   3.056530e-08   1.390102e-08   2.755575e+00
   3.80000   3.868567e+00   1.882804e-08   3.721671e-09   1.882805e-08   3.868567e+00   2.160746e-09   3.721673e-09   2.160726e-09   1.227840e+00
   3.90000   3.979312e+00  -9.257058e-09  -1.709991e-10  -9.257082e-09   3.979312e+00   8.552535e-09  -1.709882e-10   8.552559e-09   2.504023e-01
   4.00000   2.644518e+00   4.271511e-08   8.163627e-10   4.271511e-08   2.644518e+00   1.188809e-08   8.163365e-10   1.188808e-08   1.247323e-01
   4.10000   1.943260e+00  -3.191863e-08   1.297099e-08  -3.191862e-08   1.943260e+00   1.558205e-08   1.297097e-08   1.558206e-08   1.191710e-01
   4.20000   1.509154e+00  -3.338288e-10   7.946629e-09  -3.338080e-10   1.509154e+00  -1.707166e-08   7.946599e-09  -1.707164e-08   2.081452e-01
   4.30000   1.293817e+00  -3.343909e-08   3.099605e-09  -3.343910e-08   1.293817e+00  -1.330886e-08   3.099631e-09  -1.330890e-08   4.479863e-01
   4.40000   1.733010e+00   3.321699e-09  -4.237345e-09   3.321707e-09   1.733010e+00  -8.498982e-09  -4.237345e-09  -8.498991e-09   5.004353e-01
   4.50000   2.104525e+00  -1.682364e-08  -3.724708e-09  -1.682363e-08   2.104525e+00  -1.699146e-08  -3.724741e-09  -1.699144e-08   6.760518e-01
   4.60000   1.970311e+00  -5.402205e-09  -2.711714e-08  -5.402216e-09   1.970311e+00   2.825512e-10  -2.711711e-08   2.825464e-10   5.842459e-01
   4.70000   2.029620e+00  -4.441533e-09  -2.702003e-08  -4.441530e-09   2.029620e+00  -4.611608e-09  -2.702004e-08  -4.611606e-09   1.196643e+00
   4.80000   1.610058e+00   3.527971e-09  -2.658379e-08   3.527970e-09   1.610058e+00  -1.160387e-08  -2.658378e-08  -1.160386e-08   1.344001e+00
   4.90000   1.667687e+00   3.755191e-09  -1.497561e-08   3.755168e-09   1.667687e+00  -6.286768e-09  -1.497561e-08  -6.286764e-09   1.473617e+00
   5.00000   1.631554e+00  -1.121095e-08  -2.061371e-09  -1.121094e-08   1.631554e+00  -6.260990e-09  -2.061360e-09  -6.260988e-09   1.908203e+00
   5.10000   2.009931e+00  -7.310663e-09   1.334052e-08  -7.310643e-09   2.009931e+00  -5.305445e-08   1.334049e-08  -5.305445e-08   2.283614e+00
   5.20000   2.051134e+00   2.377876e-09   2.360460e-08   2.377890e-09   2.051134e+00  -3.219170e-08   2.360459e-08  -3.219171e-08   7.255804e-01
   5.30000   1.511790e+00  -5.788365e-09   3.190708e-08  -5.788377e-09   1.511789e+00  -4.080363e-09   3.190704e-08  -4.080376e-09   5.743846e-01
   5.40000   1.587855e+00   2.241282e-09   3.798996e-08   2.241277e-09   1.587855e+00   1.667891e-08   3.798998e-08   1.667890e-08   4.780121e-01
   5.50000   9.750482e-01  -2.246284e-09   3.638425e-08  -2.246289e-09   9.750483e-01   2.233974e-08   3.638424e-08   2.233970e-08   3.246771e-01
   5.60000   7.643500e-01  -1.877857e-09   2.691391e-08  -1.877832e-09   7.643501e-01   3.643287e-08   2.691392e-08   3.643290e-08   1.347290e-01
   5.70000   5.624988e-01  -9.671225e-09   1.626274e-08  -9.671239e-09   5.624988e-01   2.979176e-08   1.626275e-08   2.979176e-08   5.923754e-01
   5.80000   8.776332e-01  -6.902098e-09   1.914126e-08  -6.902127e-09   8.776332e-01  -1.122099e-08   1.914123e-08  -1.122103e-08   9.786986e-01
   5.90000   6.202151e-01  -3.444185e-09   1.319428e-08  -3.444179e-09   6.202150e-01  -1.722943e-08   1.319431e-08  -1.722943e-08   1.040065e+00
   6.00000   4.542550e-01  -6.654572e-09   3.361876e-08  -6.654530e-09   4.542549e-01  -1.788880e-08   3.361878e-08  -1.788879e-08   6.632355e-02
   6.10000   6.108058e-01  -3.377533e-09   1.515267e-08  -3.377483e-09   6.108059e-01   1.634084e-08   1.515264e-08   1.634084e-08  -2.341429e-01
   6.20000   4.057778e-03   4.509920e-09  -2.533304e-08   4.509883e-09   4.057749e-03   2.472444e-08  -2.533304e-08   2.472444e-08  -3.193646e-01
   6.30000   5.677365e-02  -2.221234e-09   1.616061e-08  -2.221248e-09   5.677366e-02   8.086740e-08   1.616061e-08   8.086740e-08  -2.638150e-01
   6.40000   1.984980e-01  -9.185240e-10  -1.054766e-09  -9.185250e-10   1.984981e-01   5.897189e-08  -1.054785e-09   5.897189e-08   8.428364e-02
   6.50000   1.710402e-01   3.412429e-09   1.958109e-09   3.412442e-09   1.710403e-01   5.179624e-08   1.958123e-09   5.179623e-08   3.061080e-01
   6.60000   4.513136e-01   1.003530e-09  -5.082130e-09   1.003520e-09   4.513136e-01   5.225258e-08  -5.082132e-09   5.225258e-08   6.163242e-01
   6.70000   4.012325e-01  -1.305773e-09  -1.559722e-08  -1.305800e-09   4.012325e-01   3.712231e-08  -1.559722e-08   3.712231e-08   6.844877e-01
   6.80000   2.809895e-01  -1.594211e-09  -7.926208e-09  -1.594196e-09   2.809895e-01   5.199101e-08  -7.926210e-09   5.199100e-08   8.512119e-01
   6.90000   2.265812e-01  -3.370365e-09  -1.670924e-08  -3.370359e-09   2.265812e-01   3.594421e-08  -1.670925e-08   3.594421e-08   9.695590e-01
   7.00000   9.435145e-03   2.779932e-09  -1.263553e-08   2.779934e-09   9.435178e-03   4.426044e-08  -1.263552e-08   4.426044e-08   9.079063e-01
   7.10000   5.132714e-02  -2.510553e-09   1.063218e-08  -2.510566e-09   5.132719e-02   5.043763e-08   1.063218e-08   5.043764e-08   8.079120e-01
   7.20000   3.376342e-02   6.207724e-09   1.818734e-08   6.207703e-09   3.376343e-02   3.558852e-08   1.818734e-08   3.558850e-08   4.473183e-01
   7.30000   1.319882e-01   4.120624e-09   1.879149e-08   4.120629e-09   1.319882e-01   3.635211e-08   1.879148e-08   3.635210e-08   4.991276e-01
   7.40000   3.402675e-01   3.527006e-09   2.578206e-08   3.527008e-09   3.402676e-01   4.470606e-08   2.578206e-08   4.470606e-08   6.081730e-01
   7.50000   4.662971e-01   3.046503e-09   2.178568e-08   3.046505e-09   4.662971e-01   3.601939e-08   2.178569e-08   3.601939e-08   7.427446e-01
   7.60000   4.510453e-01   3.429099e-09   2.606605e-09   3.429098e-09   4.510453e-01   3.498955e-08   2.606602e-09   3.498957e-08   7.309106e-01
   7.70000   4.267016e-01  -2.318426e-09   4.973393e-09  -2.318428e-09   4.267017e-01   3.746839e-08   4.973395e-09   3.746839e-08   7.022317e-01
   7.80000   3.711704e-01  -2.680720e-09   7.128487e-09  -2.680710e-09   3.711704e-01   1.526028e-08   7.128481e-09   1.526027e-08   6.240760e-01
   7.90000   3.677632e-01  -5.147973e-09   8.551637e-09  -5.147986e-09   3.677632e-01   2.269320e-08   8.551644e-09   2.269320e-08   6.073340e-01
   8.00000   4.079860e-01  -2.594023e-09   9.244965e-09  -2.594025e-09   4.079860e-01   1.737325e-08   9.244958e-09   1.737324e-08   5.741131e-01
   8.10000   5.509954e-01  -2.945732e-09   5.453833e-09  -2.945735e-09   5.509955e-01   2.789748e-08   5.453835e-09   2.789747e-08   4.981559e-01
   8.20000   6.053077e-01  -4.709902e-09   2.063739e-08  -4.709907e-09   6.053077e-01   8.797453e-09   2.063740e-08   8.797454e-09   4.247313e-01
   8.30000   5.728386e-01  -5.940948e-09   1.329275e-08  -5.940962e-09   5.728386e-01   1.462506e-08   1.329274e-08   1.462506e-08   4.008826e-01
   8.40000   3.631299e-01   2.613340e-10  -8.004726e-09   2.613432e-10   3.631299e-01   2.852698e-08  -8.004745e-09   2.852698e-08   2.466955e-01
   8.50000   2.561200e-01  -4.663289e-09  -2.385634e-09  -4.663277e-09   2.561201e-01   1.522032e-08  -2.385621e-09   1.522033e-08   2.946944e-01
   8.60000   1.819243e-01  -3.276298e-10  -1.414343e-08  -3.276368e-10   1.819243e-01   2.361437e-08  -1.414343e-08   2.361437e-08   3.902167e-01
   8.70000   2.561785e-01  -1.072510e-09  -3.471088e-08  -1.072499e-09   2.561785e-01   3.132864e-08  -3.471087e-08   3.132864e-08   4.911821e-01
   8.80000   3.445519e-01   2.782280e-10  -1.773660e-08   2.782283e-10   3.445519e-01   2.272405e-08  -1.773661e-08   2.272405e-08   5.656103e-01
   8.90000   2.993247e-01   1.103221e-10  -4.103704e-08   1.103197e-10   2.993247e-01   2.891408e-08  -4.103704e-08   2.891408e-08   2.839403e-01
   9.00000   4.428143e-01   2.731837e-09  -3.624782e-08   2.731835e-09   4.428144e-01   1.544291e-08  -3.624782e-08   1.544291e-08   3.860953e-01
   9.10000   5.132662e-01   5.776299e-10  -2.223505e-08   5.776295e-10   5.132663e-01   3.072326e-08  -2.223505e-08   3.072326e-08   4.008453e-01
   9.20000   5.242466e-01   6.162223e-10  -6.089739e-09   6.162228e-10   5.242466e-01   1.068365e-08  -6.089735e-09   1.068365e-08   3.908303e-01
   9.30000   5.241125e-01  -2.106396e-09  -3.916522e-09  -2.106404e-09   5.241126e-01   5.797313e-09  -3.916529e-09   5.797310e-09   3.452445e-01
   9.40000   6.061658e-01   7.682678e-11  -5.905348e-09   7.683546e-11   6.061658e-01  -4.393985e-09  -5.905352e-09  -4.393985e-09   4.039167e-01
   9.50000   5.208351e-01   3.819228e-10   3.029634e-09   3.819207e-10   5.208351e-01  -6.121663e-09   3.029632e-09  -6.121652e-09   4.159779e-01
   9.60000   4.449352e-01  -1.087968e-09   1.620245e-08  -1.087977e-09   4.449352e-01  -1.458244e-08   1.620244e-08  -1.458244e-08   3.514306e-01
   9.70000   4.705184e-01  -1.863330e-09   1.259970e-08  -1.863331e-09   4.705184e-01  -3.956063e-09   1.259970e-08  -3.956067e-09   4.655084e-01
   9.80000   5.281767e-01  -3.279053e-09   9.041082e-09  -3.279052e-09   5.281768e-01  -8.619800e-09   9.041087e-09  -8.619795e-09   4.973144e-01
   9.90000   5.439567e-01  -4.215245e-09   7.983404e-09  -4.215244e-09   5.439567e-01  -7.684771e-09   7.983407e-09  -7.684771e-09   5.082796e-01
  10.00000   5.603348e-01  -3.929745e-09   2.417513e-09  -3.929742e-09   5.603348e-01  -5.794597e-09   2.417513e-09  -5.794593e-09   6.018175e-01
  10.10000   5.318748e-01  -3.876598e-09  -4.975984e-09  -3.876596e-09   5.318748e-01   2.529009e-09  -4.975984e-09   2.529012e-09   6.049530e-01
  10.20000   5.613818e-01  -2.996094e-09   1.069943e-08  -2.996103e-09   5.613818e-01  -7.924843e-09   1.069943e-08  -7.924846e-09   5.248446e-01
  10.30000   5.709793e-01  -4.131680e-09   1.862653e-08  -4.131674e-09   5.709793e-01  -6.187299e-09   1.862653e-08  -6.187296e-09   5.402791e-01
  10.40000   5.281380e-01  -6.154519e-09   1.086054e-08  -6.154512e-09   5.281380e-01  -4.101096e-09   1.086054e-08  -4.101095e-09   5.790052e-01
  10.50000   5.489465e-01  -3.880608e-09   2.043553e-08  -3.880613e-09   5.489465e-01  -4.860365e-09   2.043552e-08  -4.860369e-09   5.915717e-01
  10.60000   6.434331e-01  -3.152408e-09   1.253796e-08  -3.152403e-09   6.434331e-01  -7.026606e-09   1.253796e-08  -7.026606e-09   6.541731e-01
  10.70000   6.704665e-01  -1.053854e-09  -4.506255e-09  -1.053859e-09   6.704664e-01  -7.363019e-09  -4.506255e-09  -7.363021e-09   6.383869e-01
  10.80000   5.771926e-01   3.900603e-10  -1.135103e-08   3.900486e-10   5.771926e-01  -1.201541e-08  -1.135103e-08  -1.201541e-08   6.143256e-01
  10.90000   4.488122e-01   7.798602e-10  -9.985864e-09   7.798568e-10   4.488122e-01  -7.252931e-09  -9.985864e-09  -7.252937e-09   6.362158e-01
  11.00000   4.224129e-01  -1.765393e-09  -1.123868e-08  -1.765386e-09   4.224129e-01  -6.915991e-09  -1.123868e-08  -6.915985e-09   6.867213e-01
  11.10000   4.567388e-01   6.142007e-10  -1.488849e-08   6.141982e-10   4.567388e-01   3.945568e-09  -1.488849e-08   3.945565e-09   6.975187e-01
  11.20000   4.897620e-01   2.895897e-09  -1.632174e-08   2.895898e-09   4.897620e-01   3.994390e-09  -1.632174e-08   3.994391e-09   7.675416e-01
  11.30000   5.066371e-01  -9.364026e-10  -1.387952e-08  -9.364034e-10   5.066371e-01  -2.251518e-09  -1.387952e-08  -2.251521e-09   7.910014e-01
  11.40000   5.542652e-01   1.606669e-09  -1.724734e-08   1.606673e-09   5.542652e-01   4.219325e-09  -1.724734e-08   4.219330e-09   8.248681e-01
  11.50000   5.722109e-01   4.306272e-10  -1.345259e-08   4.306259e-10   5.722109e-01  -4.737054e-09  -1.345259e-08  -4.737052e-09   7.795296e-01
  11.60000   5.956111e-01  -1.761467e-09   3.611377e-09  -1.761466e-09   5.956111e-01  -1.372734e-08   3.611372e-09  -1.372734e-08   7.141770e-01
  11.70000   5.851463e-01   2.255843e-10   8.271728e-09   2.255824e-10   5.851463e-01  -1.840336e-08   8.271726e-09  -1.840336e-08   6.856265e-01
  11.80000   6.155307e-01   1.531215e-09   4.017293e-09   1.531219e-09   6.155307e-01  -4.940158e-09   4.017294e-09  -4.940163e-09   6.714958e-01
  11.90000   6.011380e-01  -9.201375e-10   5.473833e-10  -9.201281e-10   6.011380e-01  -3.640754e-10   5.473823e-10  -3.640713e-10   6.589390e-01
  12.00000   5.179766e-01   1.527693e-09  -2.218867e-10   1.527694e-09   5.179766e-01  -5.659754e-09  -2.218867e-10  -5.659759e-09   6.516455e-01
  12.10000   5.236468e-01  -8.499156e-11  -6.142008e-09  -8.499670e-11   5.236468e-01  -1.778002e-08  -6.142004e-09  -1.778001e-08   6.658100e-01
  12.20000   5.421889e-01  -9.038957e-11  -5.086156e-09  -9.039304e-11   5.421889e-01  -8.070263e-09  -5.086159e-09  -8.070258e-09   6.373490e-01
  12.30000   5.946487e-01  -2.775178e-09  -4.559428e-09  -2.775176e-09   5.946487e-01  -1.422310e-08  -4.559425e-09  -1.422310e-08   6.715280e-01
  12.40000   6.191941e-01  -2.419609e-09  -1.190128e-09  -2.419611e-09   6.191941e-01  -8.856321e-09  -1.190130e-09  -8.856321e-09   6.477323e-01
  12.50000   6.206698e-01  -3.945890e-09   6.503837e-09  -3.945891e-09   6.206697e-01  -6.400406e-09   6.503835e-09  -6.400403e-09   6.516462e-01
  12.60000   6.161578e-01   7.703995e-10   6.711222e-09   7.703974e-10   6.161577e-01  -1.616731e-08   6.711225e-09  -1.616731e-08   6.018711e-01
  12.70000   6.196355e-01   1.771463e-09   2.808953e-09   1.771464e-09   6.196355e-01  -8.889176e-09   2.808952e-09  -8.889175e-09   5.908261e-01
  12.80000   5.751591e-01   2.501554e-09   7.826784e-09   2.501556e-09   5.751591e-01  -5.049802e-09   7.826783e-09  -5.049804e-09   5.617032e-01
  12.90000   5.864781e-01   1.010285e-09   1.109689e-08   1.010287e-09   5.864781e-01  -6.375554e-09   1.109689e-08  -6.375554e-09   5.986577e-01
  13.00000   5.821496e-01   6.857063e-10   1.531575e-08   6.857009e-10   5.821496e-01  -7.448837e-09   1.531576e-08  -7.448837e-09   5.733857e-01
  13.10000   5.953914e-01   1.329684e-09   1.392474e-08   1.329679e-09   5.953914e-01  -9.098430e-09   1.392474e-08  -9.098426e-09   5.684132e-01
  13.20000   5.905794e-01   4.701504e-10   1.028775e-08   4.701544e-10   5.905794e-01  -9.872176e-09   1.028775e-08  -9.872176e-09   6.250844e-01
  13.30000   6.002736e-01   8.489732e-10   1.117668e-08   8.489756e-10   6.002735e-01  -7.762591e-09   1.117668e-08  -7.762593e-09   6.373385e-01
  13.40000   6.132655e-01   6.959544e-10   7.271337e-09   6.959544e-10   6.132655e-01  -7.389123e-09   7.271339e-09  -7.389124e-09   6.632949e-01
  13.50000   6.174615e-01   1.323114e-09   2.475363e-09   1.323110e-09   6.174615e-01  -1.257766e-09   2.475361e-09  -1.257766e-09   6.732793e-01
  13.60000   6.282952e-01   3.883231e-10   1.778088e-09   3.883204e-10   6.282952e-01  -6.360139e-10   1.778089e-09  -6.360140e-10   6.502676e-01
  13.70000   6.538746e-01   2.319065e-10  -4.123328e-10   2.319080e-10   6.538746e-01   6.892408e-09  -4.123332e-10   6.892409e-09   6.619052e-01
  13.80000   6.697511e-01  -1.346782e-11  -2.041428e-09  -1.346711e-11   6.697511e-01   6.945497e-09  -2.041430e-09   6.945497e-09   6.392497e-01
  13.90000   6.752248e-01  -1.997523e-10   2.704090e-09  -1.997528e-10   6.752248e-01   5.634495e-09   2.704093e-09   5.634490e-09   6.501947e-01
  14.00000   6.742976e-01  -2.920828e-10   6.547791e-09  -2.920838e-10   6.742976e-01   8.813592e-09   6.547792e-09   8.813591e-09   6.571092e-01
  14.10000   6.696090e-01  -1.430379e-11   5.666115e-09  -1.430502e-11   6.696090e-01   3.835589e-09   5.666115e-09   3.835591e-09   6.680542e-01
  14.20000   6.890001e-01  -3.546503e-10   7.247986e-09  -3.546485e-10   6.890001e-01   1.218744e-08   7.247987e-09   1.218744e-08   6.880002e-01
  14.30000   6.862932e-01   6.168742e-10   8.493716e-09   6.168747e-10   6.862932e-01   2.127905e-08   8.493716e-09   2.127905e-08   6.967027e-01
  14.40000   7.069382e-01  -3.420766e-10   3.843840e-09  -3.420769e-10   7.069382e-01   1.156353e-08   3.843839e-09   1.156353e-08   7.358371e-01
  14.50000   7.204227e-01   2.152480e-10   4.624253e-09   2.152498e-10   7.204227e-01   1.170039e-08   4.624254e-09   1.170040e-08   7.530516e-01
  14.60000   7.339791e-01  -1.613938e-10   6.076938e-09  -1.613945e-10   7.339791e-01  -1.244093e-09   6.076939e-09  -1.244091e-09   7.518903e-01
  14.70000   7.459449e-01  -8.090625e-11   8.239718e-09  -8.090710e-11   7.459449e-01  -4.798394e-09   8.239718e-09  -4.798396e-09   7.783739e-01
  14.80000   7.400671e-01  -6.953812e-10   1.203936e-08  -6.953816e-10   7.400671e-01   8.750866e-10   1.203937e-08   8.750856e-10   7.883769e-01
  14.90000   7.460851e-01  -1.753273e-10   1.109214e-08  -1.753269e-10   7.460851e-01   1.004656e-09   1.109214e-08   1.004656e-09   8.045671e-01
  15.00000   7.454494e-01   1.155269e-09   1.189125e-08   1.155269e-09   7.454494e-01   2.130407e-09   1.189125e-08   2.130407e-09   8.024889e-01
  15.10000   7.452001e-01  -1.572796e-10   9.615894e-09  -1.572795e-10   7.452001e-01   5.822676e-09   9.615895e-09   5.822676e-09   8.177314e-01
  15.20000   7.552316e-01   1.043647e-10   1.130617e-08   1.043651e-10   7.552316e-01   5.237383e-09   1.130617e-08   5.237383e-09   8.474084e-01
  15.30000   7.615167e-01   6.139600e-10   1.288980e-08   6.139605e-10   7.615167e-01   4.621874e-09   1.288979e-08   4.621874e-09   8.458241e-01
  15.40000   7.786771e-01   8.178259e-10   1.324607e-08   8.178269e-10   7.786771e-01   6.524994e-09   1.324607e-08   6.524993e-09   8.309984e-01
  15.50000   7.891930e-01   8.758897e-10   1.153480e-08   8.758904e-10   7.891930e-01   8.131186e-09   1.153481e-08   8.131187e-09   8.264616e-01
  15.60000   8.024049e-01   7.895961e-10   8.184178e-09   7.895962e-10   8.024049e-01   3.810195e-09   8.184177e-09   3.810195e-09   8.136570e-01
  15.70000   8.086581e-01  -2.325416e-10   7.412946e-09  -2.325419e-10   8.086581e-01   8.574646e-09   7.412947e-09   8.574647e-09   8.610344e-01
  15.80000   8.189564e-01  -1.121407e-10   4.715939e-09  -1.121420e-10   8.189564e-01  -1.341380e-09   4.715942e-09  -1.341376e-09   8.440045e-01
  15.90000   8.143561e-01  -9.185768e-10   2.078184e-11  -9.185772e-10   8.143560e-01  -1.108525e-08   2.078022e-11  -1.108525e-08   7.345247e-01
  16.00000   8.336485e-01  -1.612270e-10  -2.756530e-10  -1.612247e-10   8.336485e-01  -5.590141e-09  -2.756528e-10  -5.590143e-09   7.585456e-01
  16.10000   8.375673e-01   2.928392e-10   1.108892e-09   2.928399e-10   8.375673e-01  -4.959469e-09   1.108896e-09  -4.959472e-09   7.906053e-01
  16.20000   8.305728e-01   7.165064e-10   3.604529e-09   7.165047e-10   8.305728e-01  -5.690326e-09   3.604527e-09  -5.690325e-09   7.844069e-01
  16.30000   8.306583e-01  -4.591220e-11   2.193569e-09  -4.591200e-11   8.306583e-01  -8.987110e-09   2.193567e-09  -8.987109e-09   7.872524e-01
  16.40000   8.286449e-01  -5.772371e-10   2.733038e-09  -5.772382e-10   8.286449e-01  -6.249709e-09   2.733039e-09  -6.249710e-09   7.767122e-01
  16.50000   8.329217e-01   2.255055e-10   5.857125e-09   2.255078e-10   8.329217e-01   7.799040e-10   5.857124e-09   7.799049e-10   7.688570e-01
  16.60000   8.367318e-01  -3.507325e-10   7.138868e-09  -3.507327e-10   8.367318e-01   4.310607e-10   7.138869e-09   4.310607e-10   7.894111e-01
  16.70000   8.409558e-01   5.031256e-10   7.043287e-09   5.031246e-10   8.409558e-01   1.572324e-10   7.043286e-09   1.572340e-10   8.074234e-01
  16.80000   8.398418e-01  -1.287315e-11   6.699415e-09  -1.287128e-11   8.398418e-01   6.501031e-09   6.699415e-09   6.501031e-09   7.937328e-01
  16.90000   8.470530e-01  -8.670510e-10   3.391474e-09  -8.670504e-10   8.470530e-01   6.725058e-09   3.391474e-09   6.725057e-09   7.961705e-01
  17.00000   8.427017e-01  -1.168058e-10   5.714953e-10  -1.168050e-10   8.427017e-01  -7.041841e-10   5.714937e-10  -7.041842e-10   7.645459e-01
  17.10000   8.495753e-01   5.088897e-10   1.271829e-09   5.088902e-10   8.495753e-01  -1.969498e-09   1.271829e-09  -1.969497e-09   7.742683e-01
  17.20000   8.576001e-01   1.138910e-10   1.128758e-09   1.138907e-10   8.576001e-01   1.741205e-09   1.128759e-09   1.741208e-09   7.783224e-01
  17.30000   8.643916e-01   3.888394e-10   1.265450e-09   3.888391e-10   8.643916e-01   4.580773e-09   1.265449e-09   4.580773e-09   7.989499e-01
  17.40000   8.646717e-01  -1.071097e-10   3.343137e-09  -1.071095e-10   8.646717e-01   6.923258e-09   3.343136e-09   6.923259e-09   8.143541e-01
  17.50000   8.613281e-01   5.889316e-10   2.893997e-09   5.889307e-10   8.613281e-01   8.023157e-09   2.893997e-09   8.023158e-09   8.285834e-01
  17.60000   8.536554e-01   1.153948e-11   1.030998e-09   1.153797e-11   8.536554e-01   6.421325e-09   1.030997e-09   6.421326e-09   8.248840e-01
  17.70000   8.618997e-01   2.328187e-10  -5.095534e-11   2.328181e-10   8.618997e-01   6.847305e-09  -5.095584e-11   6.847304e-09   8.270129e-01
  17.80000   8.738605e-01   2.135005e-10   1.193151e-09   2.135002e-10   8.738605e-01   1.663291e-09   1.193152e-09   1.663291e-09   8.356323e-01
  17.90000   8.725709e-01   6.572660e-11  -1.030906e-09   6.572616e-11   8.725709e-01   4.849715e-09  -1.030905e-09   4.849716e-09   8.388511e-01
  18.00000   8.894503e-01  -5.457391e-11  -4.540830e-10  -5.457338e-11   8.894503e-01   5.211568e-09  -4.540826e-10   5.211568e-09   8.556001e-01
  18.10000   9.022494e-01   2.132241e-10   6.488894e-10   2.132245e-10   9.022494e-01   4.927671e-09   6.488895e-10   4.927671e-09   8.813296e-01
  18.20000   9.211309e-01   1.771290e-10   3.967344e-09   1.771284e-10   9.211308e-01   6.435245e-09   3.967343e-09   6.435244e-09   9.030926e-01
  18.30000   9.239862e-01   2.375990e-10   3.255817e-09   2.375994e-10   9.239862e-01   3.593845e-09   3.255817e-09   3.593845e-09   8.958474e-01
  18.40000   9.355040e-01   2.682006e-10   3.889640e-09   2.682017e-10   9.355040e-01   7.664116e-09   3.889642e-09   7.664116e-09   9.103464e-01
  18.50000   9.278943e-01   7.954707e-12   5.257428e-09   7.954501e-12   9.278943e-01   6.512190e-09   5.257429e-09   6.512191e-09   9.195701e-01
  18.60000   9.164546e-01  -6.187919e-10   5.814223e-09  -6.187923e-10   9.164546e-01   3.532557e-09   5.814221e-09   3.532558e-09   9.131387e-01
  18.70000   9.085780e-01  -1.049548e-09   8.558802e-09  -1.049549e-09   9.085780e-01   5.199535e-10   8.558803e-09   5.199527e-10   9.130783e-01
  18.80000   8.871573e-01  -5.323327e-10   6.336353e-09  -5.323311e-10   8.871573e-01  -3.226111e-09   6.336353e-09  -3.226111e-09   8.643380e-01
  18.90000   8.724200e-01  -2.751478e-10   4.618538e-09  -2.751484e-10   8.724200e-01  -7.598316e-09   4.618537e-09  -7.598316e-09   8.326158e-01
  19.00000   8.997408e-01  -5.021389e-10   6.101149e-09  -5.021393e-10   8.997408e-01  -9.269522e-09   6.101150e-09  -9.269522e-09   8.616062e-01
  19.10000   9.186139e-01  -5.544412e-10   5.844598e-09  -5.544409e-10   9.186139e-01  -1.025996e-08   5.844599e-09  -1.025996e-08   8.842959e-01
  19.20000   9.077049e-01  -7.356303e-11   3.663913e-09  -7.355941e-11   9.077049e-01  -9.148671e-09   3.663914e-09  -9.148672e-09   8.726275e-01
  19.30000   8.878184e-01  -3.995301e-10   4.227619e-09  -3.995322e-10   8.878184e-01  -3.791448e-09   4.227617e-09  -3.791448e-09   8.615042e-01
  19.40000   8.829568e-01   3.000631e-10   1.914045e-09   3.000625e-10   8.829568e-01  -6.504353e-09   1.914046e-09  -6.504353e-09   8.431102e-01
  19.50000   8.884373e-01   5.135267e-10  -4.552941e-09   5.135253e-10   8.884373e-01  -1.546031e-09  -4.552943e-09  -1.546032e-09   8.335655e-01
  19.60000   8.873211e-01   9.542522e-10  -6.058785e-09   9.542529e-10   8.873211e-01  -3.825507e-10  -6.058784e-09  -3.825499e-10   8.405160e-01
  19.70000   8.923714e-01   9.547874e-10  -7.384747e-10   9.547888e-10   8.923714e-01   3.045755e-09  -7.384750e-10   3.045754e-09   8.601186e-01
  19.80000   9.004234e-01   1.041549e-09   1.835926e-09   1.041549e-09   9.004234e-01   2.120779e-09   1.835928e-09   2.120780e-09   8.788955e-01
  19.90000   9.077515e-01   1.521797e-09  -6.153855e-09   1.521796e-09   9.077515e-01  -4.698129e-09  -6.153857e-09  -4.698129e-09   8.626544e-01
  20.00000   9.077527e-01   9.782809e-10  -1.991063e-09   9.782811e-10   9.077527e-01   2.312104e-09  -1.991064e-09   2.312104e-09   8.629822e-01
  20.10000   8.940645e-01   7.404330e-10  -7.813317e-10   7.404303e-10   8.940645e-01   6.233324e-09  -7.813314e-10   6.233324e-09   8.605127e-01
  20.20000   8.909302e-01   1.948138e-10   2.196473e-09   1.948148e-10   8.909302e-01   3.242747e-09   2.196470e-09   3.242749e-09   8.654608e-01
  20.30000   8.828138e-01  -2.668998e-10   1.189287e-09  -2.668996e-10   8.828138e-01   6.579768e-09   1.189285e-09   6.579768e-09   8.550788e-01
  20.40000   8.482625e-01   2.056262e-10  -5.439683e-10   2.056253e-10   8.482625e-01   4.295626e-09  -5.439674e-10   4.295624e-09   8.053266e-01
  20.50000   8.564213e-01  -3.888576e-10   1.363281e-09  -3.888584e-10   8.564213e-01   3.306819e-09   1.363280e-09   3.306818e-09   8.016755e-01
  20.60000   8.670031e-01  -1.248761e-09   9.068753e-10  -1.248760e-09   8.670031e-01   4.004990e-09   9.068768e-10   4.004991e-09   8.270400e-01
  20.70000   8.753652e-01  -5.323560e-10   2.585268e-09  -5.323559e-10   8.753652e-01   2.035895e-09   2.585270e-09   2.035894e-09   8.475460e-01
  20.80000   8.777871e-01  -1.565677e-09   2.763798e-09  -1.565677e-09   8.777871e-01   4.546517e-09   2.763799e-09   4.546517e-09   8.591296e-01
  20.90000   8.983859e-01  -5.048066e-10   3.364061e-09  -5.048086e-10   8.983859e-01   4.085965e-10   3.364061e-09   4.085971e-10   8.571077e-01
  21.00000   8.936250e-01   1.941665e-11   2.075879e-09   1.941595e-11   8.936250e-01   1.053335e-09   2.075878e-09   1.053335e-09   8.522176e-01
  21.10000   8.881864e-01  -6.946167e-10   2.079072e-09  -6.946146e-10   8.881864e-01  -9.860286e-10   2.079072e-09  -9.860276e-10   8.447404e-01
  21.20000   8.551857e-01   1.017547e-09   2.609487e-09   1.017547e-09   8.551857e-01  -2.718641e-09   2.609488e-09  -2.718641e-09   8.026869e-01
  21.30000   8.410674e-01   7.712918e-10   2.816972e-09   7.712905e-10   8.410674e-01   4.412926e-09   2.816971e-09   4.412927e-09   8.212387e-01
  21.40000   8.334698e-01  -1.969432e-12   3.409659e-09  -1.969487e-12   8.334698e-01   7.659593e-09   3.409658e-09   7.659591e-09   8.519705e-01
  21.50000   8.172014e-01  -1.554749e-10  -7.147137e-10  -1.554744e-10   8.172014e-01   5.055050e-09  -7.147142e-10   5.055051e-09   8.354701e-01
  21.60000   8.019695e-01  -4.038481e-10  -8.683817e-10  -4.038480e-10   8.019695e-01   5.268273e-10  -8.683807e-10   5.268272e-10   8.160232e-01
  21.70000   8.018028e-01  -6.863723e-10   1.075224e-09  -6.863722e-10   8.018028e-01  -6.635270e-09   1.075223e-09  -6.635269e-09   7.933939e-01
  21.80000   8.145765e-01  -1.311354e-09   2.449579e-09  -1.311355e-09   8.145765e-01  -2.711710e-09   2.449580e-09  -2.711711e-09   8.067090e-01
  21.90000   8.247541e-01  -8.195393e-10   1.934568e-09  -8.195391e-10   8.247541e-01  -1.877486e-09   1.934567e-09  -1.877486e-09   8.274064e-01
  22.00000   8.144514e-01   1.030831e-09   2.500397e-09   1.030833e-09   8.144514e-01  -2.954341e-09   2.500399e-09  -2.954340e-09   8.124424e-01
  22.10000   8.161161e-01   3.186003e-10   3.039769e-09   3.185999e-10   8.161161e-01   5.429873e-10   3.039769e-09   5.429873e-10   8.256276e-01
  22.20000   8.225882e-01   3.696560e-10   3.360735e-09   3.696553e-10   8.225882e-01   4.176300e-09   3.360736e-09   4.176300e-09   8.258980e-01
  22.30000   8.373243e-01   5.556041e-10   1.576695e-09   5.556037e-10   8.373243e-01  -7.541145e-11   1.576695e-09  -7.541195e-11   8.341640e-01
  22.40000   8.339408e-01   9.162414e-10   4.087791e-09   9.162412e-10   8.339408e-01   3.115009e-09   4.087791e-09   3.115009e-09   8.450730e-01
  22.50000   8.392258e-01   1.149191e-10   3.584333e-09   1.149195e-10   8.392258e-01   4.588211e-09   3.584332e-09   4.588211e-09   8.486992e-01
  22.60000   8.425976e-01   1.074211e-10   2.443530e-09   1.074199e-10   8.425976e-01   4.266600e-09   2.443530e-09   4.266600e-09   8.410662e-01
  22.70000   8.510062e-01   2.281142e-11  -1.461236e-10   2.281078e-11   8.510062e-01   5.275446e-09  -1.461228e-10   5.275446e-09   8.297494e-01
  22.80000   8.503081e-01   1.342410e-09   1.316685e-09   1.342411e-09   8.503081e-01   3.564024e-09   1.316684e-09   3.564024e-09   8.333723e-01
  22.90000   8.484698e-01   1.207187e-09   1.494778e-09   1.207187e-09   8.484698e-01   1.253103e-09   1.494779e-09   1.253103e-09   8.412967e-01
  23.00000   8.551854e-01   3.812385e-10   2.881856e-09   3.812381e-10   8.551854e-01   2.732476e-10   2.881857e-09   2.732471e-10   8.506592e-01
  23.10000   8.515052e-01   4.054816e-10   3.698493e-09   4.054810e-10   8.515052e-01  -4.746933e-09   3.698493e-09  -4.746934e-09   8.475283e-01
  23.20000   8.500934e-01  -1.016377e-09   7.457251e-09  -1.016376e-09   8.500934e-01  -8.414379e-09   7.457250e-09  -8.414379e-09   8.470552e-01
  23.30000   8.607435e-01  -1.066107e-10   8.381641e-09  -1.066106e-10   8.607435e-01  -6.494758e-09   8.381641e-09  -6.494758e-09   8.561047e-01
  23.40000   8.660297e-01  -2.166802e-10   9.634633e-09  -2.166798e-10   8.660297e-01  -7.363951e-09   9.634633e-09  -7.363951e-09   8.630093e-01
  23.50000   8.681165e-01  -4.025593e-10   1.262416e-08  -4.025595e-10   8.681165e-01  -8.423615e-09   1.262416e-08  -8.423614e-09   8.706454e-01
  23.60000   8.660883e-01  -3.131074e-10   9.284034e-09  -3.131074e-10   8.660883e-01  -7.907914e-09   9.284034e-09  -7.907915e-09   8.498115e-01
  23.70000   8.651566e-01  -6.078932e-11   4.647369e-09  -6.078907e-11   8.651566e-01  -4.187112e-09   4.647369e-09  -4.187112e-09   8.452761e-01
  23.80000   8.736861e-01  -2.251010e-10   2.996725e-09  -2.251010e-10   8.736861e-01  -2.823443e-09   2.996725e-09  -2.823444e-09   8.508637e-01
  23.90000   8.800666e-01  -2.016636e-10   2.326828e-09  -2.016635e-10   8.800666e-01  -1.428381e-10   2.326829e-09  -1.428386e-10   8.505163e-01
  24.00000   8.864646e-01  -7.744611e-11   5.652943e-10  -7.744600e-11   8.864646e-01   2.064078e-09   5.652937e-10   2.064078e-09   8.581440e-01
  24.10000   8.835695e-01   5.023198e-10   2.198589e-09   5.023198e-10   8.835695e-01   3.852314e-09   2.198590e-09   3.852314e-09   8.693207e-01
  24.20000   8.816528e-01   1.453030e-10   3.738322e-09   1.453031e-10   8.816528e-01   9.866385e-10   3.738323e-09   9.866387e-10   8.711602e-01
  24.30000   8.883997e-01   3.568066e-10   5.181398e-09   3.568062e-10   8.883997e-01   1.109464e-09   5.181398e-09   1.109464e-09   8.845047e-01
  24.40000   8.897549e-01  -2.416744e-10   4.366441e-09  -2.416740e-10   8.897549e-01   1.234037e-09   4.366441e-09   1.234037e-09   8.784499e-01
  24.50000   8.838425e-01   8.286390e-11   5.725162e-09   8.286451e-11   8.838425e-01   1.053052e-09   5.725162e-09   1.053052e-09   8.822550e-01
  24.60000   8.848108e-01  -1.316530e-11   7.726682e-09  -1.316543e-11   8.848108e-01   2.717065e-09   7.726682e-09   2.717065e-09   8.853858e-01
  24.70000   8.852244e-01   2.975834e-10   5.079731e-09   2.975830e-10   8.852244e-01   1.920476e-09   5.079731e-09   1.920477e-09   8.707549e-01
  24.80000   8.932464e-01  -2.662856e-10   5.633740e-09  -2.662860e-10   8.932464e-01   1.715824e-09   5.633740e-09   1.715825e-09   8.784898e-01
  24.90000   9.029924e-01   4.842890e-10   2.186965e-09   4.842890e-10   9.029924e-01   1.341819e-10   2.186965e-09   1.341818e-10   8.811986e-01
  25.00000   9.073742e-01   3.690406e-10   1.638286e-09   3.690408e-10   9.073742e-01   1.574627e-09   1.638287e-09   1.574628e-09   8.863925e-01
  25.10000   9.072048e-01   4.372452e-10   5.371962e-09   4.372447e-10   9.072048e-01   1.882484e-09   5.371962e-09   1.882484e-09   8.944143e-01
  25.20000   9.030334e-01  -6.001324e-10   6.472035e-09  -6.001317e-10   9.030334e-01  -7.201839e-10   6.472035e-09  -7.201848e-10   8.963694e-01
  25.30000   9.005701e-01  -2.929361e-10   5.242189e-09  -2.929362e-10   9.005701e-01   1.231614e-09   5.242189e-09   1.231615e-09   8.964301e-01
  25.40000   8.975845e-01  -8.158607e-11   2.262134e-09  -8.158562e-11   8.975845e-01   4.814801e-09   2.262134e-09   4.814801e-09   8.880977e-01
  25.50000   8.984392e-01  -4.232941e-10   1.232951e-09  -4.232948e-10   8.984392e-01   3.385661e-09   1.232951e-09   3.385661e-09   8.857048e-01
  25.60000   8.971419e-01   2.898571e-10   1.363264e-09   2.898563e-10   8.971419e-01   4.650070e-09   1.363265e-09   4.650070e-09   8.847508e-01
  25.70000   8.947560e-01   7.784620e-10  -3.347465e-10   7.784621e-10   8.947560e-01   3.862231e-09  -3.347457e-10   3.862232e-09   8.838311e-01
  25.80000   8.976230e-01  -7.602300e-11   1.466516e-09  -7.602312e-11   8.976230e-01   3.689458e-09   1.466516e-09   3.689458e-09   8.868719e-01
  25.90000   8.969784e-01  -2.519357e-10   3.237274e-09  -2.519364e-10   8.969784e-01   1.057421e-09   3.237274e-09   1.057421e-09   8.922744e-01
  26.00000   8.961792e-01  -2.367343e-11   1.737288e-09  -2.367292e-11   8.961792e-01   1.420089e-09   1.737287e-09   1.420089e-09   8.953475e-01
  26.10000   8.973210e-01   2.150860e-10   1.439121e-09   2.150859e-10   8.973210e-01   1.347614e-09   1.439121e-09   1.347614e-09   8.990150e-01
  26.20000   8.993685e-01   1.304456e-10   3.798524e-09   1.304457e-10   8.993685e-01   9.106257e-10   3.798524e-09   9.106247e-10   9.058232e-01
  26.30000   8.989022e-01   3.444436e-10   2.780261e-09   3.444436e-10   8.989022e-01   4.880961e-10   2.780261e-09   4.880964e-10   9.024780e-01
  26.40000   8.996521e-01  -1.292008e-11   4.941427e-09  -1.292031e-11   8.996521e-01   7.918446e-10   4.941427e-09   7.918442e-10   9.048486e-01
  26.50000   8.993357e-01  -9.422312e-12   3.723000e-09  -9.422079e-12   8.993357e-01  -2.393606e-11   3.723000e-09  -2.393619e-11   8.898501e-01
  26.60000   9.072019e-01  -1.002386e-10   3.976511e-09  -1.002388e-10   9.072019e-01   2.047850e-10   3.976512e-09   2.047852e-10   8.979697e-01
  26.70000   9.132830e-01   1.464022e-10   3.885799e-09   1.464025e-10   9.132830e-01   1.915143e-09   3.885799e-09   1.915143e-09   9.008218e-01
  26.80000   9.182517e-01   3.958644e-10   2.955385e-09   3.958648e-10   9.182517e-01   1.761318e-09   2.955385e-09   1.761318e-09   9.032610e-01
  26.90000   9.181779e-01  -2.954425e-10   1.602989e-09  -2.954427e-10   9.181779e-01   1.216891e-09   1.602988e-09   1.216890e-09   9.008845e-01
  27.00000   9.202804e-01  -8.350312e-10   1.585471e-09  -8.350311e-10   9.202804e-01  -1.536643e-09   1.585472e-09  -1.536644e-09   9.014550e-01
  27.10000   9.212059e-01  -4.963274e-11   3.017393e-09  -4.963257e-11   9.212059e-01  -1.945348e-09   3.017393e-09  -1.945348e-09   9.049721e-01
  27.20000   9.244651e-01   3.918079e-12   8.049721e-10   3.917818e-12   9.244651e-01  -3.726481e-09   8.049720e-10  -3.726481e-09   9.116277e-01
  27.30000   9.221429e-01   2.923549e-11   2.011425e-10   2.923570e-11   9.221429e-01  -7.118170e-09   2.011431e-10  -7.118170e-09   9.085600e-01
  27.40000   9.238022e-01   1.877338e-10  -8.848593e-10   1.877334e-10   9.238022e-01  -7.379358e-09  -8.848588e-10  -7.379359e-09   9.124663e-01
  27.50000   9.268956e-01  -3.163811e-11  -7.355019e-10  -3.163865e-11   9.268956e-01  -5.184301e-09  -7.355017e-10  -5.184300e-09   9.155731e-01
  27.60000   9.302364e-01   1.123573e-10  -1.577666e-09   1.123572e-10   9.302364e-01  -4.165604e-09  -1.577666e-09  -4.165604e-09   9.165645e-01
  27.70000   9.301276e-01   1.831538e-10  -1.264478e-09   1.831541e-10   9.301276e-01  -1.751835e-09  -1.264479e-09  -1.751834e-09   9.205425e-01
  27.80000   9.301324e-01  -5.023832e-10  -2.268976e-09  -5.023833e-10   9.301324e-01  -1.652373e-09  -2.268976e-09  -1.652372e-09   9.203110e-01
  27.90000   9.334432e-01  -5.820496e-11  -3.374941e-09  -5.820523e-11   9.334432e-01  -1.310483e-09  -3.374940e-09  -1.310483e-09   9.199644e-01
  28.00000   9.397316e-01   3.988596e-10  -4.769679e-09   3.988596e-10   9.397316e-01  -9.248099e-10  -4.769679e-09  -9.248101e-10   9.255187e-01
  28.10000   9.382464e-01  -2.177927e-11  -5.816467e-09  -2.177973e-11   9.382464e-01  -4.026611e-09  -5.816468e-09  -4.026611e-09   9.254715e-01
  28.20000   9.369328e-01  -3.175800e-11  -6.711689e-09  -3.175792e-11   9.369328e-01  -5.278146e-09  -6.711689e-09  -5.278146e-09   9.285857e-01
  28.30000   9.391484e-01  -1.499093e-10  -5.527661e-09  -1.499092e-10   9.391484e-01  -4.037474e-09  -5.527662e-09  -4.037474e-09   9.308139e-01
  28.40000   9.429577e-01  -2.045901e-10  -2.202679e-10  -2.045899e-10   9.429577e-01  -1.067536e-09  -2.202677e-10  -1.067536e-09   9.379281e-01
  28.50000   9.465524e-01  -2.117829e-11   2.774427e-09  -2.117796e-11   9.465524e-01  -4.056582e-10   2.774427e-09  -4.056580e-10   9.433109e-01
  28.60000   9.406303e-01   6.592737e-10   1.985850e-09   6.592737e-10   9.406303e-01  -5.741813e-10   1.985850e-09  -5.741811e-10   9.447035e-01
  28.70000   9.323603e-01  -1.038312e-10   1.154213e-09  -1.038313e-10   9.323603e-01  -2.144611e-09   1.154213e-09  -2.144611e-09   9.306628e-01
  28.80000   9.311527e-01  -4.111590e-10  -1.334176e-09  -4.111597e-10   9.311527e-01  -2.931726e-09  -1.334175e-09  -2.931726e-09   9.276001e-01
  28.90000   9.402007e-01  -4.146934e-10  -2.623693e-10  -4.146932e-10   9.402007e-01  -1.249092e-09  -2.623691e-10  -1.249092e-09   9.332665e-01
  29.00000   9.484282e-01  -1.639045e-10  -1.466939e-09  -1.639038e-10   9.484282e-01  -1.383384e-09  -1.466939e-09  -1.383384e-09   9.353144e-01
  29.10000   9.524617e-01  -8.832863e-10  -1.103753e-09  -8.832860e-10   9.524617e-01   1.134349e-09  -1.103754e-09   1.134349e-09   9.346458e-01
  29.20000   9.503263e-01  -7.274212e-11  -1.778478e-09  -7.274121e-11   9.503263e-01   1.055669e-09  -1.778479e-09   1.055669e-09   9.373717e-01
  29.30000   9.485223e-01  -2.144683e-10  -3.105564e-09  -2.144691e-10   9.485223e-01   4.821989e-10  -3.105564e-09   4.821990e-10   9.382855e-01
  29.40000   9.509342e-01  -1.549412e-10  -1.087598e-09  -1.549407e-10   9.509342e-01  -3.166480e-10  -1.087598e-09  -3.166477e-10   9.429883e-01
  29.50000   9.561452e-01  -2.881851e-10  -2.716120e-09  -2.881850e-10   9.561452e-01   1.942485e-10  -2.716120e-09   1.942477e-10   9.465102e-01
  29.60000   9.516493e-01   2.627900e-10  -3.930780e-09   2.627897e-10   9.516493e-01  -2.271652e-09  -3.930780e-09  -2.271651e-09   9.457316e-01
  29.70000   9.452317e-01  -2.966716e-10  -4.815240e-09  -2.966715e-10   9.452317e-01  -4.926966e-09  -4.815241e-09  -4.926966e-09   9.416430e-01
  29.80000   9.400176e-01  -2.945067e-10  -8.208650e-09  -2.945064e-10   9.400176e-01  -2.194624e-09  -8.208650e-09  -2.194624e-09   9.370465e-01
  29.90000   9.434211e-01  -1.373684e-10  -8.946696e-09  -1.373681e-10   9.434211e-01  -1.122257e-09  -8.946696e-09  -1.122257e-09   9.404290e-01
  30.00000   9.480410e-01  -8.800357e-10  -9.764699e-09  -8.800355e-10   9.480410e-01   1.134945e-09  -9.764699e-09   1.134945e-09   9.421887e-01
