# omega(eV)            xx             xy             xz             yx             yy             yz             zx             zy             zz (Siemens/meter)
   0.00000   0.000000e+00   0.000000e+00   0.000000e+00   0.000000e+00   0.000000e+00   0.000000e+00   0.000000e+00   0.000000e+00   0.000000e+00
   0.10000  -2.751201e+03  -2.390399e-06   1.340583e-05  -2.390399e-06  -2.751201e+03   8.863711e-06   1.340583e-05   8.863711e-06  -2.890750e+03
   0.20000  -5.518179e+03  -4.797511e-06   2.688196e-05  -4.797510e-06  -5.518179e+03   1.780224e-05   2.688196e-05   1.780224e-05  -5.793156e+03
   0.30000  -8.317710e+03  -7.236565e-06   4.050198e-05  -7.236564e-06  -8.317710e+03   2.688947e-05   4.050198e-05   2.688947e-05  -8.719117e+03
   0.40000  -1.116884e+04  -9.718069e-06   5.434669e-05  -9.718068e-06  -1.116884e+04   3.619611e-05   5.434669e-05   3.619611e-05  -1.168103e+04
   0.50000  -1.409494e+04  -1.223885e-05   6.850964e-05  -1.223885e-05  -1.409494e+04   4.578315e-05   6.850964e-05   4.578315e-05  -1.469208e+04
   0.60000  -1.712766e+04  -1.475470e-05   8.310605e-05  -1.475470e-05  -1.712766e+04   5.568325e-05   8.310605e-05   5.568325e-05  -1.776662e+04
   0.70000  -2.031652e+04  -1.708551e-05   9.828887e-05  -1.708551e-05  -2.031652e+04   6.584188e-05   9.828886e-05   6.584188e-05  -2.092060e+04
   0.80000  -2.375674e+04  -1.858293e-05   1.142841e-04  -1.858293e-05  -2.375674e+04   7.591791e-05   1.142841e-04   7.591792e-05  -2.417237e+04
   0.90000  -2.745515e+04  -2.337793e-05   1.318588e-04  -2.337793e-05  -2.745515e+04   8.696571e-05   1.318587e-04   8.696572e-05  -2.754401e+04
   1.00000  -3.083578e+04  -3.810949e-05   1.506565e-04  -3.810942e-05  -3.083578e+04   1.057223e-04   1.506565e-04   1.057222e-04  -3.104642e+04
   1.10000  -3.439360e+04  -5.365257e-05   1.694677e-04  -5.365261e-05  -3.439360e+04   1.243791e-04   1.694677e-04   1.243791e-04  -3.473045e+04
   1.20000  -3.797010e+04  -4.186339e-05   1.889370e-04  -4.186332e-05  -3.797010e+04   1.474535e-04   1.889370e-04   1.474535e-04  -3.858311e+04
   1.30000  -4.286613e+04  -8.977942e-05   2.127986e-04  -8.977937e-05  -4.286613e+04   1.677394e-04   2.127986e-04   1.677393e-04  -4.271846e+04
   1.40000  -4.200591e+04  -3.605645e-05   2.070982e-04  -3.605629e-05  -4.200591e+04   1.931716e-04   2.070981e-04   1.931717e-04  -4.707385e+04
   1.50000  -4.871215e+04  -1.026736e-04   2.381108e-04  -1.026733e-04  -4.871215e+04   2.189745e-04   2.381107e-04   2.189744e-04  -5.192652e+04
   1.60000  -4.984616e+04  -7.254231e-05   2.371993e-04  -7.254231e-05  -4.984616e+04   2.281585e-04   2.371992e-04   2.281585e-04  -5.705294e+04
   1.70000  -5.831963e+04  -2.411079e-05   2.748480e-04  -2.411065e-05  -5.831963e+04   2.472269e-04   2.748482e-04   2.472269e-04  -6.290123e+04
   1.80000  -5.949899e+04  -2.605508e-05   2.709795e-04  -2.605522e-05  -5.949900e+04   3.148460e-04   2.709798e-04   3.148460e-04  -6.953138e+04
   1.90000  -6.180743e+04   8.796852e-05   2.639516e-04   8.796848e-05  -6.180743e+04   3.882127e-04   2.639515e-04   3.882126e-04  -7.675233e+04
   2.00000  -6.624799e+04   2.625597e-04   2.915846e-04   2.625594e-04  -6.624799e+04   5.403643e-04   2.915847e-04   5.403642e-04  -8.611700e+04
   2.10000  -6.987720e+04  -1.606034e-05   1.925531e-04  -1.606047e-05  -6.987719e+04   6.153354e-04   1.925527e-04   6.153350e-04  -9.565881e+04
   2.20000  -8.086518e+04   6.130587e-05   2.988642e-04   6.130571e-05  -8.086518e+04   7.802773e-04   2.988641e-04   7.802775e-04  -1.027552e+05
   2.30000  -9.039033e+04   1.958298e-04   3.389437e-04   1.958303e-04  -9.039033e+04   7.968079e-04   3.389428e-04   7.968086e-04  -1.089666e+05
   2.40000  -8.340233e+04   1.901725e-04   4.369296e-04   1.901722e-04  -8.340233e+04   7.904760e-04   4.369298e-04   7.904754e-04  -1.203578e+05
   2.50000  -8.289215e+04   5.581601e-06   6.228345e-04   5.582229e-06  -8.289215e+04   6.244053e-04   6.228344e-04   6.244053e-04  -1.333916e+05
   2.60000  -8.501594e+04  -1.400425e-04   6.809756e-04  -1.400426e-04  -8.501594e+04   5.279230e-04   6.809763e-04   5.279232e-04  -1.376272e+05
   2.70000  -8.412037e+04  -2.478808e-04   1.001599e-03  -2.478803e-04  -8.412037e+04   2.518428e-04   1.001599e-03   2.518436e-04  -1.525296e+05
   2.80000  -8.361873e+04  -6.314458e-04   1.132182e-03  -6.314443e-04  -8.361873e+04  -1.710492e-04   1.132181e-03  -1.710500e-04  -1.531325e+05
   2.90000  -7.727073e+04  -6.704719e-04   1.300188e-03  -6.704727e-04  -7.727073e+04  -9.569328e-04   1.300188e-03  -9.569331e-04  -1.337792e+05
   3.00000  -7.406852e+04  -2.683088e-05   6.723315e-04  -2.683149e-05  -7.406851e+04  -3.511145e-04   6.723330e-04  -3.511149e-04  -1.145333e+05
   3.10000  -9.283458e+04  -3.895378e-04   7.181817e-04  -3.895375e-04  -9.283458e+04  -2.965482e-04   7.181816e-04  -2.965481e-04  -1.166208e+05
   3.20000  -1.024493e+05   1.305714e-04   6.655945e-04   1.305712e-04  -1.024493e+05  -1.682908e-04   6.655942e-04  -1.682909e-04  -1.232664e+05
   3.30000  -1.311753e+05   2.025063e-04   1.034138e-03   2.025060e-04  -1.311753e+05   2.119408e-04   1.034138e-03   2.119412e-04  -1.295009e+05
   3.40000  -9.461292e+04   6.167167e-04   1.025424e-03   6.167165e-04  -9.461292e+04  -3.236274e-04   1.025424e-03  -3.236292e-04  -1.243970e+05
   3.50000  -9.000581e+04   4.194272e-05   9.387168e-04   4.194230e-05  -9.000581e+04  -1.271342e-04   9.387159e-04  -1.271324e-04  -1.274932e+05
   3.60000  -1.147433e+05  -1.371875e-03   9.997091e-04  -1.371874e-03  -1.147433e+05  -1.189761e-03   9.997090e-04  -1.189760e-03  -1.186430e+05
   3.70000  -1.164104e+05  -7.099473e-04  -1.553431e-03  -7.099474e-04  -1.164104e+05  -6.949665e-04  -1.553431e-03  -6.949690e-04  -8.328719e+04
   3.80000  -1.452855e+05  -9.600163e-04  -2.009627e-04  -9.600168e-04  -1.452855e+05  -1.083325e-04  -2.009628e-04  -1.083315e-04  -8.322760e+03
   3.90000  -1.542191e+05   4.854498e-04   1.775192e-06   4.854511e-04  -1.542191e+05  -4.491721e-04   1.774629e-06  -4.491734e-04   4.201437e+04
   4.00000  -8.578867e+04  -2.250903e-03  -5.611135e-05  -2.250903e-03  -8.578868e+04  -6.487913e-04  -5.610995e-05  -6.487909e-04   4.947727e+04
   4.10000  -4.962158e+04   1.796808e-03  -7.236626e-04   1.796808e-03  -4.962158e+04  -8.546968e-04  -7.236618e-04  -8.546969e-04   5.073194e+04
   4.20000  -2.687195e+04   8.728601e-06  -4.536413e-04   8.727419e-06  -2.687195e+04   9.660486e-04  -4.536396e-04   9.660476e-04   4.632030e+04
   4.30000  -1.524016e+04   1.931313e-03  -1.788124e-04   1.931314e-03  -1.524016e+04   7.666153e-04  -1.788140e-04   7.666175e-04   3.350252e+04
   4.40000  -4.209260e+04  -1.921239e-04   2.533583e-04  -1.921243e-04  -4.209260e+04   4.946082e-04   2.533582e-04   4.946087e-04   3.090633e+04
   4.50000  -6.524698e+04   1.023988e-03   2.255612e-04   1.023987e-03  -6.524699e+04   1.029462e-03   2.255631e-04   1.029461e-03   2.095265e+04
   4.60000  -5.849910e+04   3.396199e-04   1.676167e-03   3.396206e-04  -5.849909e+04  -2.707578e-05   1.676166e-03  -2.707548e-05   2.678443e+04
   4.70000  -6.344283e+04   2.758998e-04   1.699160e-03   2.758996e-04  -6.344283e+04   2.858653e-04   1.699160e-03   2.858651e-04  -1.148845e+04
   4.80000  -3.771410e+04  -2.340605e-04   1.695974e-03  -2.340605e-04  -3.771410e+04   7.403764e-04   1.695974e-03   7.403761e-04  -2.106206e+04
   4.90000  -4.244734e+04  -2.483935e-04   9.574777e-04  -2.483920e-04  -4.244734e+04   4.140944e-04   9.574775e-04   4.140941e-04  -3.016190e+04
   5.00000  -4.111448e+04   7.547267e-04   1.119668e-04   7.547257e-04  -4.111448e+04   4.152233e-04   1.119661e-04   4.152232e-04  -5.994096e+04
   5.10000  -6.784628e+04   5.066080e-04  -9.453876e-04   5.066067e-04  -6.784628e+04   3.629458e-03  -9.453858e-04   3.629458e-03  -8.604916e+04
   5.20000  -7.156606e+04  -1.712079e-04  -1.676130e-03  -1.712088e-04  -7.156605e+04   2.209434e-03  -1.676130e-03   2.209435e-03   2.131230e+04
   5.30000  -3.472414e+04   4.172601e-04  -2.293742e-03   4.172609e-04  -3.472413e+04   2.696552e-04  -2.293739e-03   2.696561e-04   3.197125e+04
   5.40000  -4.068477e+04  -1.610649e-04  -2.772336e-03  -1.610645e-04  -4.068476e+04  -1.239979e-03  -2.772337e-03  -1.239978e-03   3.953762e+04
   5.50000   3.895650e+03   1.697356e-04  -2.698679e-03   1.697359e-04   3.895643e+03  -1.689231e-03  -2.698678e-03  -1.689229e-03   5.148010e+04
   5.60000   1.970440e+04   1.423259e-04  -2.024751e-03   1.423240e-04   1.970439e+04  -2.770151e-03  -2.024752e-03  -2.770154e-03   6.640527e+04
   5.70000   3.510621e+04   7.447949e-04  -1.246628e-03   7.447960e-04   3.510620e+04  -2.283705e-03  -1.246629e-03  -2.283705e-03   3.222941e+04
   5.80000   1.114553e+04   5.378027e-04  -1.491256e-03   5.378049e-04   1.114553e+04   8.777135e-04  -1.491253e-03   8.777163e-04   2.754586e+03
   5.90000   3.183383e+04   2.743420e-04  -1.046189e-03   2.743415e-04   3.183383e+04   1.345235e-03  -1.046191e-03   1.345235e-03  -1.558708e+03
   6.00000   4.547940e+04   5.342820e-04  -2.710581e-03   5.342786e-04   4.547940e+04   1.402330e-03  -2.710582e-03   1.402329e-03   7.703507e+04
   6.10000   3.369452e+04   2.754221e-04  -1.221413e-03   2.754180e-04   3.369451e+04  -1.381449e-03  -1.221411e-03  -1.381449e-03   1.025472e+05
   6.20000   8.446352e+04  -3.774025e-04   2.118356e-03  -3.773994e-04   8.446352e+04  -2.114718e-03   2.118357e-03  -2.114718e-03   1.110533e+05
   6.30000   8.118810e+04   1.895400e-04  -1.365997e-03   1.895411e-04   8.118810e+04  -6.879769e-03  -1.365996e-03  -6.879769e-03   1.078315e+05
   6.40000   7.021389e+04   7.071793e-05   9.898904e-05   7.071800e-05   7.021389e+04  -5.081808e-03   9.899073e-05  -5.081807e-03   7.936104e+04
   6.50000   7.349619e+04  -2.961355e-04  -1.645793e-04  -2.961366e-04   7.349619e+04  -4.534074e-03  -1.645805e-04  -4.534073e-03   6.114395e+04
   6.60000   4.971751e+04  -9.498119e-05   4.495651e-04  -9.498029e-05   4.971751e+04  -4.657332e-03   4.495652e-04  -4.657332e-03   3.457478e+04
   6.70000   5.511428e+04   1.175829e-04   1.410499e-03   1.175853e-04   5.511428e+04  -3.344065e-03   1.410499e-03  -3.344065e-03   2.896435e+04
   6.80000   6.686208e+04   1.476683e-04   7.223016e-04   1.476669e-04   6.686208e+04  -4.758739e-03   7.223018e-04  -4.758738e-03   1.420078e+04
   6.90000   7.286844e+04   3.096684e-04   1.540815e-03   3.096678e-04   7.286844e+04  -3.333154e-03   1.540816e-03  -3.333153e-03   3.487409e+03
   7.00000   9.424505e+04  -2.593037e-04   1.177585e-03  -2.593039e-04   9.424505e+04  -4.164312e-03   1.177584e-03  -4.164312e-03   9.506280e+03
   7.10000   9.146615e+04   2.356698e-04  -1.039378e-03   2.356711e-04   9.146615e+04  -4.816215e-03  -1.039378e-03  -4.816216e-03   1.927740e+04
   7.20000   9.438721e+04  -6.013508e-04  -1.767553e-03  -6.013488e-04   9.438721e+04  -3.438720e-03  -1.767554e-03  -3.438718e-03   5.441074e+04
   7.30000   8.583707e+04  -4.044602e-04  -1.856260e-03  -4.044606e-04   8.583707e+04  -3.566489e-03  -1.856260e-03  -3.566488e-03   4.986800e+04
   7.40000   6.627075e+04  -3.479654e-04  -2.564554e-03  -3.479656e-04   6.627074e+04  -4.446071e-03  -2.564554e-03  -4.446070e-03   3.966705e+04
   7.50000   5.447856e+04  -3.052250e-04  -2.193930e-03  -3.052251e-04   5.447856e+04  -3.617265e-03  -2.193931e-03  -3.617266e-03   2.663123e+04
   7.60000   5.681046e+04  -3.469383e-04  -2.599683e-04  -3.469382e-04   5.681045e+04  -3.568493e-03  -2.599680e-04  -3.568494e-03   2.826644e+04
   7.70000   6.008602e+04   2.428570e-04  -5.160044e-04   2.428573e-04   6.008602e+04  -3.855847e-03  -5.160046e-04  -3.855847e-03   3.157852e+04
   7.80000   6.667595e+04   2.862066e-04  -7.467946e-04   2.862056e-04   6.667595e+04  -1.584621e-03  -7.467941e-04  -1.584620e-03   4.025824e+04
   7.90000   6.781494e+04   5.477377e-04  -9.044798e-04   5.477392e-04   6.781493e+04  -2.401134e-03  -9.044806e-04  -2.401134e-03   4.250896e+04
   8.00000   6.427396e+04   2.827256e-04  -9.868060e-04   2.827257e-04   6.427396e+04  -1.863087e-03  -9.868052e-04  -1.863086e-03   4.661320e+04
   8.10000   4.946560e+04   3.211349e-04  -5.942399e-04   3.211353e-04   4.946560e+04  -3.025121e-03  -5.942401e-04  -3.025121e-03   5.543756e+04
   8.20000   4.417006e+04   5.199169e-04  -2.268816e-03   5.199174e-04   4.417006e+04  -9.564986e-04  -2.268817e-03  -9.564988e-04   6.420566e+04
   8.30000   4.842877e+04   6.640998e-04  -1.462872e-03   6.641014e-04   4.842877e+04  -1.625989e-03  -1.462871e-03  -1.625988e-03   6.761893e+04
   8.40000   7.272879e+04  -2.895387e-05   9.179603e-04  -2.895490e-05   7.272879e+04  -3.211591e-03   9.179624e-04  -3.211591e-03   8.580036e+04
   8.50000   8.575551e+04   5.332043e-04   2.861833e-04   5.332029e-04   8.575551e+04  -1.732948e-03   2.861818e-04  -1.732948e-03   8.118625e+04
   8.60000   9.519953e+04   3.655191e-05   1.662919e-03   3.655272e-05   9.519953e+04  -2.728089e-03   1.662918e-03  -2.728090e-03   7.106725e+04
   8.70000   8.752351e+04   1.242251e-04   4.065522e-03   1.242238e-04   8.752351e+04  -3.653063e-03   4.065521e-03  -3.653063e-03   6.002933e+04
   8.80000   7.805370e+04  -3.506265e-05   2.101481e-03  -3.506268e-05   7.805370e+04  -2.672037e-03   2.101482e-03  -2.672036e-03   5.200862e+04
   8.90000   8.430926e+04  -1.266008e-05   4.918148e-03  -1.265979e-05   8.430926e+04  -3.437902e-03   4.918148e-03  -3.437902e-03   8.632711e+04
   9.00000   6.782509e+04  -3.314496e-04   4.376205e-03  -3.314494e-04   6.782509e+04  -1.850381e-03   4.376205e-03  -1.850380e-03   7.480027e+04
   9.10000   5.997770e+04  -6.959994e-05   2.701410e-03  -6.959988e-05   5.997769e+04  -3.741060e-03   2.701410e-03  -3.741059e-03   7.384573e+04
   9.20000   5.929412e+04  -7.516945e-05   7.380386e-04  -7.516951e-05   5.929411e+04  -1.297521e-03   7.380382e-04  -1.297521e-03   7.585124e+04
   9.30000   5.994528e+04   2.649759e-04   4.755746e-04   2.649769e-04   5.994528e+04  -6.931851e-04   4.755754e-04  -6.931848e-04   8.235995e+04
   9.40000   5.022752e+04  -1.029637e-05   7.312682e-04  -1.029747e-05   5.022752e+04   5.789203e-04   7.312686e-04   5.789203e-04   7.575873e+04
   9.50000   6.170661e+04  -4.690949e-05  -4.054507e-04  -4.690923e-05   6.170661e+04   8.041967e-04  -4.054504e-04   8.041954e-04   7.505753e+04
   9.60000   7.211931e+04   1.432087e-04  -2.104393e-03   1.432099e-04   7.211931e+04   1.898252e-03  -2.104391e-03   1.898252e-03   8.410151e+04
   9.70000   6.947199e+04   2.455989e-04  -1.649217e-03   2.455991e-04   6.947199e+04   5.276503e-04  -1.649217e-03   5.276508e-04   7.002672e+04
   9.80000   6.257139e+04   4.343184e-04  -1.195043e-03   4.343183e-04   6.257139e+04   1.152449e-03  -1.195044e-03   1.152449e-03   6.658804e+04
   9.90000   6.111348e+04   5.628414e-04  -1.065209e-03   5.628412e-04   6.111348e+04   1.035038e-03  -1.065209e-03   1.035038e-03   6.577471e+04
  10.00000   5.954916e+04   5.293418e-04  -3.250223e-04   5.293413e-04   5.954916e+04   7.877272e-04  -3.250223e-04   7.877267e-04   5.386632e+04
  10.10000   6.396878e+04   5.265245e-04   6.697874e-04   5.265242e-04   6.396878e+04  -3.331195e-04   6.697873e-04  -3.331199e-04   5.399056e+04
  10.20000   6.054776e+04   4.107055e-04  -1.480900e-03   4.107068e-04   6.054776e+04   1.100103e-03  -1.480901e-03   1.100104e-03   6.555646e+04
  10.30000   5.982201e+04   5.727670e-04  -2.583475e-03   5.727662e-04   5.982200e+04   8.662012e-04  -2.583475e-03   8.662007e-04   6.398337e+04
  10.40000   6.638165e+04   8.597106e-04  -1.520663e-03   8.597096e-04   6.638165e+04   5.803023e-04  -1.520663e-03   5.803022e-04   5.917016e+04
  10.50000   6.402951e+04   5.460069e-04  -2.883486e-03   5.460076e-04   6.402951e+04   6.974920e-04  -2.883486e-03   6.974927e-04   5.795957e+04
  10.60000   5.116869e+04   4.473427e-04  -1.776019e-03   4.473420e-04   5.116869e+04   1.008118e-03  -1.776017e-03   1.008118e-03   4.956076e+04
  10.70000   4.780445e+04   1.494765e-04   6.626655e-04   1.494772e-04   4.780445e+04   1.072123e-03   6.626655e-04   1.072123e-03   5.234173e+04
  10.80000   6.188570e+04  -5.785187e-05   1.652074e-03  -5.785017e-05   6.188570e+04   1.754372e-03   1.652074e-03   1.754371e-03   5.631429e+04
  10.90000   8.123205e+04  -1.154632e-04   1.467316e-03  -1.154626e-04   8.123205e+04   1.070933e-03   1.467316e-03   1.070934e-03   5.357612e+04
  11.00000   8.581463e+04   2.593165e-04   1.667980e-03   2.593154e-04   8.581463e+04   1.022193e-03   1.667981e-03   1.022192e-03   4.659819e+04
  11.10000   8.140232e+04  -9.220817e-05   2.222358e-03  -9.220779e-05   8.140232e+04  -5.876589e-04   2.222357e-03  -5.876585e-04   4.539173e+04
  11.20000   7.715284e+04  -4.386258e-04   2.457093e-03  -4.386260e-04   7.715284e+04  -5.942771e-04   2.457093e-03  -5.942773e-04   3.526827e+04
  11.30000   7.525896e+04   1.425228e-04   2.105584e-03   1.425229e-04   7.525896e+04   3.506850e-04   2.105584e-03   3.506855e-04   3.204453e+04
  11.40000   6.861221e+04  -2.480119e-04   2.635699e-03  -2.480126e-04   6.861222e+04  -6.386584e-04   2.635699e-03  -6.386591e-04   2.716028e+04
  11.50000   6.642736e+04  -6.616381e-05   2.066438e-03  -6.616360e-05   6.642736e+04   7.450808e-04   2.066437e-03   7.450806e-04   3.446132e+04
  11.60000   6.335588e+04   2.729125e-04  -5.789569e-04   2.729124e-04   6.335588e+04   2.152605e-03  -5.789561e-04   2.152605e-03   4.495254e+04
  11.70000   6.555117e+04  -3.602461e-05  -1.309670e-03  -3.602430e-05   6.555117e+04   2.904494e-03  -1.309669e-03   2.904494e-03   4.981625e+04
  11.80000   6.129468e+04  -2.447852e-04  -6.427655e-04  -2.447858e-04   6.129468e+04   7.808682e-04  -6.427658e-04   7.808691e-04   5.248358e+04
  11.90000   6.414795e+04   1.472354e-04  -9.288762e-05   1.472339e-04   6.414795e+04   6.102868e-05  -9.288746e-05   6.102803e-05   5.490671e+04
  12.00000   7.807729e+04  -2.468738e-04   3.311125e-05  -2.468739e-04   7.807729e+04   9.224690e-04   3.311125e-05   9.224698e-04   5.653401e+04
  12.10000   7.777728e+04   1.460554e-05   9.973344e-04   1.460638e-05   7.777729e+04   2.901856e-03   9.973338e-04   2.901856e-03   5.470001e+04
  12.20000   7.533211e+04   1.451860e-05   8.276023e-04   1.451917e-05   7.533211e+04   1.327859e-03   8.276029e-04   1.327858e-03   5.980817e+04
  12.30000   6.726054e+04   4.604017e-04   7.457320e-04   4.604014e-04   6.726054e+04   2.355784e-03   7.457316e-04   2.355784e-03   5.463070e+04
  12.40000   6.372398e+04   4.037182e-04   1.854712e-04   4.037185e-04   6.372398e+04   1.476321e-03   1.854715e-04   1.476321e-03   5.905995e+04
  12.50000   6.400131e+04   6.605949e-04  -1.103487e-03   6.605950e-04   6.400132e+04   1.078036e-03  -1.103487e-03   1.078035e-03   5.886861e+04
  12.60000   6.527083e+04  -1.334895e-04  -1.143710e-03  -1.334892e-04   6.527083e+04   2.743740e-03  -1.143711e-03   2.743741e-03   6.777624e+04
  12.70000   6.520790e+04  -3.038755e-04  -4.894444e-04  -3.038756e-04   6.520790e+04   1.514506e-03  -4.894442e-04   1.514506e-03   7.018642e+04
  12.80000   7.336174e+04  -4.310123e-04  -1.357234e-03  -4.310125e-04   7.336173e+04   8.667755e-04  -1.357234e-03   8.667758e-04   7.570511e+04
  12.90000   7.196092e+04  -1.754588e-04  -1.935133e-03  -1.754592e-04   7.196092e+04   1.106609e-03  -1.935132e-03   1.106609e-03   6.987874e+04
  13.00000   7.325768e+04  -1.207956e-04  -2.684129e-03  -1.207947e-04   7.325768e+04   1.302185e-03  -2.684130e-03   1.302185e-03   7.484640e+04
  13.10000   7.147850e+04  -2.346692e-04  -2.456828e-03  -2.346683e-04   7.147849e+04   1.602709e-03  -2.456828e-03   1.602708e-03   7.624009e+04
  13.20000   7.286909e+04  -8.393376e-05  -1.827919e-03  -8.393448e-05   7.286909e+04   1.751475e-03  -1.827919e-03   1.751475e-03   6.674168e+04
  13.30000   7.166265e+04  -1.518098e-04  -2.000377e-03  -1.518103e-04   7.166265e+04   1.383562e-03  -2.000377e-03   1.383562e-03   6.505940e+04
  13.40000   6.986203e+04  -1.252216e-04  -1.307587e-03  -1.252216e-04   6.986203e+04   1.325236e-03  -1.307587e-03   1.325236e-03   6.086693e+04
  13.50000   6.960537e+04  -2.409157e-04  -4.502138e-04  -2.409150e-04   6.960537e+04   2.212928e-04  -4.502134e-04   2.212927e-04   5.950978e+04
  13.60000   6.812741e+04  -7.083718e-05  -3.249026e-04  -7.083669e-05   6.812741e+04   1.087769e-04  -3.249027e-04   1.087770e-04   6.416659e+04
  13.70000   6.390527e+04  -4.243215e-05   7.562387e-05  -4.243243e-05   6.390527e+04  -1.278218e-03   7.562394e-05  -1.278218e-03   6.248785e+04
  13.80000   6.142611e+04   2.872103e-06   3.744248e-04   2.871971e-06   6.142612e+04  -1.294042e-03   3.744252e-04  -1.294042e-03   6.712660e+04
  13.90000   6.085141e+04   3.758077e-05  -5.129418e-04   3.758087e-05   6.085141e+04  -1.056265e-03  -5.129424e-04  -1.056264e-03   6.556117e+04
  14.00000   6.146582e+04   5.451537e-05  -1.237472e-03   5.451556e-05   6.146582e+04  -1.661734e-03  -1.237472e-03  -1.661734e-03   6.471063e+04
  14.10000   6.277655e+04   3.046708e-06  -1.078668e-03   3.046940e-06   6.277655e+04  -7.322197e-04  -1.078668e-03  -7.322202e-04   6.308461e+04
  14.20000   5.951375e+04   6.724597e-05  -1.390041e-03   6.724563e-05   5.951375e+04  -2.334996e-03  -1.390041e-03  -2.334996e-03   5.971615e+04
  14.30000   6.044738e+04  -1.186273e-04  -1.635536e-03  -1.186274e-04   6.044738e+04  -4.093942e-03  -1.635536e-03  -4.093942e-03   5.844443e+04
  14.40000   5.686345e+04   6.612080e-05  -7.465021e-04   6.612086e-05   5.686345e+04  -2.232460e-03  -7.465019e-04  -2.232460e-03   5.127545e+04
  14.50000   5.462558e+04  -4.178439e-05  -9.066258e-04  -4.178474e-05   5.462558e+04  -2.276464e-03  -9.066259e-04  -2.276464e-03   4.827555e+04
  14.60000   5.233645e+04   3.152145e-05  -1.198032e-03   3.152158e-05   5.233645e+04   2.533738e-04  -1.198032e-03   2.533734e-04   4.883684e+04
  14.70000   5.033895e+04   1.620296e-05  -1.635032e-03   1.620312e-05   5.033895e+04   9.528679e-04  -1.635033e-03   9.528683e-04   4.392872e+04
  14.80000   5.185059e+04   1.382298e-04  -2.401332e-03   1.382299e-04   5.185060e+04  -1.736542e-04  -2.401332e-03  -1.736540e-04   4.224136e+04
  14.90000   5.099100e+04   3.440659e-05  -2.225102e-03   3.440651e-05   5.099101e+04  -2.020200e-04  -2.225102e-03  -2.020199e-04   3.928658e+04
  15.00000   5.146118e+04  -2.333401e-04  -2.401289e-03  -2.333400e-04   5.146118e+04  -4.292392e-04  -2.401289e-03  -4.292393e-04   3.996854e+04
  15.10000   5.184674e+04   3.150031e-05  -1.954020e-03   3.150028e-05   5.184674e+04  -1.183205e-03  -1.954020e-03  -1.183205e-03   3.713603e+04
  15.20000   5.012895e+04  -2.168518e-05  -2.313921e-03  -2.168527e-05   5.012895e+04  -1.067624e-03  -2.313922e-03  -1.067624e-03   3.132088e+04
  15.30000   4.916202e+04  -1.263721e-04  -2.652970e-03  -1.263722e-04   4.916202e+04  -9.487531e-04  -2.652970e-03  -9.487531e-04   3.187473e+04
  15.40000   4.592508e+04  -1.696233e-04  -2.742152e-03  -1.696235e-04   4.592508e+04  -1.349622e-03  -2.742152e-03  -1.349622e-03   3.516948e+04
  15.50000   4.402816e+04  -1.822387e-04  -2.400846e-03  -1.822389e-04   4.402816e+04  -1.690681e-03  -2.400846e-03  -1.690681e-03   3.632985e+04
  15.60000   4.154493e+04  -1.653050e-04  -1.713369e-03  -1.653051e-04   4.154493e+04  -7.943118e-04  -1.713368e-03  -7.943118e-04   3.925182e+04
  15.70000   4.048743e+04   4.945863e-05  -1.561542e-03   4.945870e-05   4.048743e+04  -1.805056e-03  -1.561543e-03  -1.805056e-03   2.949345e+04
  15.80000   3.856363e+04   2.385710e-05  -9.957008e-04   2.385737e-05   3.856364e+04   2.998050e-04  -9.957016e-04   2.998041e-04   3.336765e+04
  15.90000   3.979050e+04   1.967189e-04   1.421731e-07   1.967190e-04   3.979050e+04   2.375276e-03   1.425217e-07   2.375275e-03   5.696084e+04
  16.00000   3.588414e+04   3.418536e-05   6.134010e-05   3.418487e-05   3.588414e+04   1.205938e-03   6.134006e-05   1.205939e-03   5.211031e+04
  16.10000   3.527145e+04  -6.334589e-05  -2.402105e-04  -6.334605e-05   3.527145e+04   1.076546e-03  -2.402114e-04   1.076547e-03   4.549036e+04
  16.20000   3.701488e+04  -1.560058e-04  -7.848331e-04  -1.560054e-04   3.701488e+04   1.241274e-03  -7.848327e-04   1.241274e-03   4.712552e+04
  16.30000   3.722620e+04   1.020907e-05  -4.804677e-04   1.020902e-05   3.722620e+04   1.969254e-03  -4.804671e-04   1.969253e-03   4.678850e+04
  16.40000   3.789545e+04   1.276597e-04  -6.043426e-04   1.276599e-04   3.789545e+04   1.375844e-03  -6.043429e-04   1.375844e-03   4.940581e+04
  16.50000   3.717273e+04  -4.985249e-05  -1.300898e-03  -4.985299e-05   3.717273e+04  -1.758051e-04  -1.300898e-03  -1.758053e-04   5.143389e+04
  16.60000   3.654894e+04   7.820257e-05  -1.594181e-03   7.820263e-05   3.654894e+04  -9.694281e-05  -1.594181e-03  -9.694282e-05   4.714245e+04
  16.70000   3.581975e+04  -1.129652e-04  -1.580754e-03  -1.129650e-04   3.581975e+04  -3.848867e-05  -1.580753e-03  -3.848902e-05   4.338882e+04
  16.80000   3.628144e+04   3.221227e-06  -1.510743e-03   3.220803e-06   3.628144e+04  -1.468745e-03  -1.510743e-03  -1.468745e-03   4.674047e+04
  16.90000   3.486307e+04   1.967830e-04  -7.655449e-04   1.967829e-04   3.486308e+04  -1.525020e-03  -7.655448e-04  -1.525020e-03   4.647971e+04
  17.00000   3.605751e+04   2.640904e-05  -1.289209e-04   2.640886e-05   3.605751e+04   1.623564e-04  -1.289205e-04   1.623564e-04   5.396396e+04
  17.10000   3.468729e+04  -1.171193e-04  -2.910812e-04  -1.171194e-04   3.468729e+04   4.536114e-04  -2.910813e-04   4.536112e-04   5.203631e+04
  17.20000   3.303003e+04  -2.618972e-05  -2.597997e-04  -2.618965e-05   3.303003e+04  -4.073104e-04  -2.598000e-04  -4.073109e-04   5.138410e+04
  17.30000   3.164494e+04  -9.033890e-05  -2.939129e-04  -9.033883e-05   3.164494e+04  -1.065843e-03  -2.939127e-04  -1.065843e-03   4.687657e+04
  17.40000   3.176325e+04   2.498956e-05  -7.824170e-04   2.498953e-05   3.176325e+04  -1.620829e-03  -7.824170e-04  -1.620830e-03   4.353894e+04
  17.50000   3.273893e+04  -1.387074e-04  -6.792148e-04  -1.387071e-04   3.273894e+04  -1.887959e-03  -6.792150e-04  -1.887959e-03   4.044733e+04
  17.60000   3.473101e+04  -2.682590e-06  -2.419829e-04  -2.682232e-06   3.473101e+04  -1.519271e-03  -2.419827e-04  -1.519271e-03   4.155321e+04
  17.70000   3.296208e+04  -5.540543e-05   1.316572e-05  -5.540530e-05   3.296208e+04  -1.627491e-03   1.316584e-05  -1.627491e-03   4.128048e+04
  17.80000   3.028055e+04  -5.092668e-05  -2.847670e-04  -5.092660e-05   3.028055e+04  -3.947687e-04  -2.847671e-04  -3.947686e-04   3.944214e+04
  17.90000   3.075953e+04  -1.570778e-05   2.481266e-04  -1.570768e-05   3.075953e+04  -1.165007e-03   2.481262e-04  -1.165007e-03   3.888636e+04
  18.00000   2.683977e+04   1.327294e-05   1.098664e-04   1.327281e-05   2.683977e+04  -1.258741e-03   1.098663e-04  -1.258741e-03   3.503658e+04
  18.10000   2.387251e+04  -5.178523e-05  -1.597781e-04  -5.178532e-05   2.387251e+04  -1.197357e-03  -1.597781e-04  -1.197356e-03   2.896763e+04
  18.20000   1.939133e+04  -4.333184e-05  -9.737523e-04  -4.333168e-05   1.939133e+04  -1.571354e-03  -9.737519e-04  -1.571354e-03   2.381652e+04
  18.30000   1.879876e+04  -5.832204e-05  -8.023666e-04  -5.832214e-05   1.879876e+04  -8.808732e-04  -8.023666e-04  -8.808731e-04   2.573378e+04
  18.40000   1.606284e+04  -6.569986e-05  -9.643509e-04  -6.570014e-05   1.606284e+04  -1.892612e-03  -9.643513e-04  -1.892612e-03   2.229334e+04
  18.50000   1.805623e+04  -2.182591e-06  -1.309241e-03  -2.182539e-06   1.805623e+04  -1.613165e-03  -1.309241e-03  -1.613166e-03   2.013084e+04
  18.60000   2.102330e+04   1.549369e-04  -1.455528e-03   1.549369e-04   2.102330e+04  -8.760381e-04  -1.455527e-03  -8.760382e-04   2.186178e+04
  18.70000   2.311870e+04   2.644467e-04  -2.152650e-03   2.644469e-04   2.311870e+04  -1.221079e-04  -2.152651e-03  -1.221077e-04   2.200382e+04
  18.80000   2.866339e+04   1.336456e-04  -1.598891e-03   1.336451e-04   2.866339e+04   8.248642e-04  -1.598891e-03   8.248642e-04   3.447402e+04
  18.90000   3.254645e+04   7.015263e-05  -1.173558e-03   7.015279e-05   3.254645e+04   1.938681e-03  -1.173558e-03   1.938681e-03   4.268492e+04
  19.00000   2.571819e+04   1.280451e-04  -1.557071e-03   1.280452e-04   2.571819e+04   2.374147e-03  -1.557071e-03   2.374148e-03   3.547794e+04
  19.10000   2.102107e+04   1.419044e-04  -1.498439e-03   1.419043e-04   2.102107e+04   2.640325e-03  -1.498439e-03   2.640326e-03   2.985256e+04
  19.20000   2.396576e+04   1.826105e-05  -9.421495e-04   1.826012e-05   2.396576e+04   2.359357e-03  -9.421497e-04   2.359357e-03   3.303440e+04
  19.30000   2.924795e+04   1.031517e-04  -1.092686e-03   1.031523e-04   2.924795e+04   9.857642e-04  -1.092685e-03   9.857643e-04   3.609776e+04
  19.40000   3.066017e+04  -7.894413e-05  -4.937565e-04  -7.894396e-05   3.066017e+04   1.695431e-03  -4.937568e-04   1.695431e-03   4.107700e+04
  19.50000   2.937707e+04  -1.354539e-04   1.199848e-03  -1.354536e-04   2.937707e+04   4.034444e-04   1.199848e-03   4.034445e-04   4.378244e+04
  19.60000   2.981795e+04  -2.519286e-04   1.597399e-03  -2.519288e-04   2.981796e+04   9.762510e-05   1.597398e-03   9.762489e-05   4.215893e+04
  19.70000   2.863163e+04  -2.531762e-04   1.953658e-04  -2.531766e-04   2.863163e+04  -8.080656e-04   1.953658e-04  -8.080653e-04   3.717662e+04
  19.80000   2.663180e+04  -2.773999e-04  -4.862368e-04  -2.774001e-04   2.663180e+04  -5.618288e-04  -4.862371e-04  -5.618291e-04   3.237154e+04
  19.90000   2.480550e+04  -4.066836e-04   1.647863e-03  -4.066834e-04   2.480550e+04   1.254972e-03   1.647864e-03   1.254972e-03   3.688786e+04
  20.00000   2.494445e+04  -2.628647e-04   5.340461e-04  -2.628647e-04   2.494445e+04  -6.285766e-04   5.340464e-04  -6.285764e-04   3.699040e+04
  20.10000   2.877311e+04  -1.993984e-04   2.096617e-04  -1.993977e-04   2.877311e+04  -1.685875e-03   2.096616e-04  -1.685875e-03   3.784005e+04
  20.20000   2.976889e+04  -5.229356e-05  -5.975096e-04  -5.229383e-05   2.976889e+04  -8.809124e-04  -5.975089e-04  -8.809129e-04   3.668846e+04
  20.30000   3.213842e+04   7.371007e-05  -3.248043e-04   7.371002e-05   3.213842e+04  -1.796207e-03  -3.248037e-04  -1.796207e-03   3.971995e+04
  20.40000   4.176886e+04  -5.542279e-05   1.491950e-04  -5.542254e-05   4.176886e+04  -1.175961e-03   1.491948e-04  -1.175961e-03   5.355943e+04
  20.50000   3.970522e+04   1.077328e-04  -3.770437e-04   1.077330e-04   3.970523e+04  -9.083129e-04  -3.770435e-04  -9.083128e-04   5.480064e+04
  20.60000   3.696318e+04   3.465124e-04  -2.526602e-04   3.465119e-04   3.696318e+04  -1.108036e-03  -2.526606e-04  -1.108036e-03   4.802200e+04
  20.70000   3.481465e+04   1.485517e-04  -7.207248e-04   1.485516e-04   3.481465e+04  -5.627123e-04  -7.207254e-04  -5.627119e-04   4.255185e+04
  20.80000   3.430320e+04   4.379452e-04  -7.738069e-04   4.379454e-04   3.430320e+04  -1.268993e-03  -7.738072e-04  -1.268993e-03   3.952082e+04
  20.90000   2.868051e+04   1.416184e-04  -9.457876e-04   1.416189e-04   2.868051e+04  -1.107937e-04  -9.457876e-04  -1.107939e-04   4.028428e+04
  21.00000   3.017887e+04  -6.378680e-06  -5.855356e-04  -6.378482e-06   3.017887e+04  -2.943877e-04  -5.855353e-04  -2.943878e-04   4.186718e+04
  21.10000   3.187220e+04   1.964339e-04  -5.906230e-04   1.964333e-04   3.187220e+04   2.835203e-04  -5.906230e-04   2.835200e-04   4.419042e+04
  21.20000   4.144152e+04  -2.906154e-04  -7.442971e-04  -2.906153e-04   4.144152e+04   7.754811e-04  -7.442971e-04   7.754812e-04   5.638991e+04
  21.30000   4.567461e+04  -2.204273e-04  -8.067320e-04  -2.204269e-04   4.567461e+04  -1.264800e-03  -8.067318e-04  -1.264800e-03   5.131288e+04
  21.40000   4.806947e+04   4.293302e-07  -9.799566e-04   4.293456e-07   4.806947e+04  -2.202313e-03  -9.799565e-04  -2.202313e-03   4.271141e+04
  21.50000   5.299808e+04   4.541094e-05   2.088158e-04   4.541082e-05   5.299809e+04  -1.455715e-03   2.088159e-04  -1.455715e-03   4.770483e+04
  21.60000   5.765527e+04   1.176732e-04   2.516541e-04   1.176732e-04   5.765527e+04  -1.464084e-04   2.516538e-04  -1.464084e-04   5.357057e+04
  21.70000   5.795508e+04   2.003562e-04  -3.145688e-04   2.003562e-04   5.795508e+04   1.941185e-03  -3.145685e-04   1.941185e-03   6.040938e+04
  21.80000   5.446654e+04   3.841249e-04  -7.192463e-04   3.841252e-04   5.446654e+04   7.963026e-04  -7.192464e-04   7.963028e-04   5.676543e+04
  21.90000   5.171696e+04   2.407995e-04  -5.704076e-04   2.407995e-04   5.171697e+04   5.584689e-04  -5.704073e-04   5.584691e-04   5.092869e+04
  22.00000   5.500121e+04  -3.062761e-04  -7.402483e-04  -3.062769e-04   5.500121e+04   8.711890e-04  -7.402489e-04   8.711887e-04   5.558711e+04
  22.10000   5.474606e+04  -9.481772e-05  -9.040477e-04  -9.481759e-05   5.474606e+04  -1.621758e-04  -9.040478e-04  -1.621757e-04   5.191436e+04
  22.20000   5.305246e+04  -1.105088e-04  -1.003901e-03  -1.105086e-04   5.305246e+04  -1.246264e-03  -1.003901e-03  -1.246264e-03   5.206675e+04
  22.30000   4.886998e+04  -1.668092e-04  -4.728298e-04  -1.668091e-04   4.886998e+04   2.434658e-05  -4.728300e-04   2.434673e-05   4.981683e+04
  22.40000   5.010908e+04  -2.757686e-04  -1.232492e-03  -2.757686e-04   5.010908e+04  -9.390770e-04  -1.232492e-03  -9.390771e-04   4.675055e+04
  22.50000   4.872719e+04  -3.498140e-05  -1.083903e-03  -3.498152e-05   4.872719e+04  -1.387145e-03  -1.083903e-03  -1.387144e-03   4.587094e+04
  22.60000   4.791803e+04  -3.257841e-05  -7.418212e-04  -3.257807e-05   4.791803e+04  -1.294626e-03  -7.418214e-04  -1.294626e-03   4.839709e+04
  22.70000   4.556101e+04  -7.131696e-06   4.419321e-05  -7.131502e-06   4.556101e+04  -1.607344e-03   4.419298e-05  -1.607344e-03   5.206037e+04
  22.80000   4.597865e+04  -4.124905e-04  -4.041815e-04  -4.124907e-04   4.597865e+04  -1.087134e-03  -4.041812e-04  -1.087134e-03   5.117313e+04
  22.90000   4.674233e+04  -3.712482e-04  -4.622632e-04  -3.712481e-04   4.674233e+04  -3.795697e-04  -4.622633e-04  -3.795697e-04   4.895055e+04
  23.00000   4.486679e+04  -1.172930e-04  -8.938889e-04  -1.172929e-04   4.486679e+04  -7.687747e-05  -8.938891e-04  -7.687730e-05   4.626774e+04
  23.10000   4.620496e+04  -1.251393e-04  -1.152490e-03  -1.251391e-04   4.620496e+04   1.484381e-03  -1.152490e-03   1.484381e-03   4.744353e+04
  23.20000   4.683950e+04   3.173226e-04  -2.329570e-03   3.173224e-04   4.683950e+04   2.630895e-03  -2.329570e-03   2.630895e-03   4.779177e+04
  23.30000   4.370032e+04   3.363432e-05  -2.628752e-03   3.363428e-05   4.370032e+04   2.038987e-03  -2.628752e-03   2.038987e-03   4.515782e+04
  23.40000   4.222517e+04   6.843389e-05  -3.033492e-03   6.843377e-05   4.222517e+04   2.321118e-03  -3.033492e-03   2.321118e-03   4.318008e+04
  23.50000   4.174708e+04   1.272307e-04  -3.988745e-03   1.272308e-04   4.174708e+04   2.662780e-03  -3.988745e-03   2.662780e-03   4.095777e+04
  23.60000   4.256798e+04   9.925987e-05  -2.942773e-03   9.925986e-05   4.256798e+04   2.509935e-03  -2.942773e-03   2.509936e-03   4.774980e+04
  23.70000   4.304063e+04   1.936170e-05  -1.476722e-03   1.936162e-05   4.304063e+04   1.332033e-03  -1.476722e-03   1.332033e-03   4.938613e+04
  23.80000   4.048755e+04   7.192914e-05  -9.554136e-04   7.192915e-05   4.048754e+04   9.015290e-04  -9.554137e-04   9.015293e-04   4.780360e+04
  23.90000   3.860615e+04   6.481897e-05  -7.446844e-04   6.481892e-05   3.860615e+04   4.327068e-05  -7.446846e-04   4.327083e-05   4.811021e+04
  24.00000   3.670515e+04   2.462707e-05  -1.805536e-04   2.462703e-05   3.670515e+04  -6.676978e-04  -1.805535e-04  -6.676981e-04   4.584192e+04
  24.10000   3.779935e+04  -1.628883e-04  -7.122567e-04  -1.628883e-04   3.779935e+04  -1.249167e-03  -7.122568e-04  -1.249167e-03   4.241169e+04
  24.20000   3.857714e+04  -4.735125e-05  -1.216453e-03  -4.735128e-05   3.857714e+04  -3.196068e-04  -1.216453e-03  -3.196069e-04   4.198676e+04
  24.30000   3.653074e+04  -1.167047e-04  -1.693190e-03  -1.167046e-04   3.653074e+04  -3.616935e-04  -1.693190e-03  -3.616934e-04   3.780049e+04
  24.40000   3.623826e+04   7.944332e-05  -1.431478e-03   7.944320e-05   3.623826e+04  -4.046077e-04  -1.431478e-03  -4.046076e-04   3.994832e+04
  24.50000   3.833445e+04  -2.736752e-05  -1.884956e-03  -2.736772e-05   3.833445e+04  -3.478998e-04  -1.884956e-03  -3.478999e-04   3.885480e+04
  24.60000   3.816792e+04   4.410225e-06  -2.554794e-03   4.410267e-06   3.816792e+04  -8.984867e-04  -2.554794e-03  -8.984867e-04   3.798217e+04
  24.70000   3.818079e+04  -9.865262e-05  -1.684375e-03  -9.865248e-05   3.818079e+04  -6.362143e-04  -1.684375e-03  -6.362145e-04   4.299644e+04
  24.80000   3.565665e+04   8.854765e-05  -1.875917e-03   8.854777e-05   3.565665e+04  -5.692483e-04  -1.875917e-03  -5.692485e-04   4.058435e+04
  24.90000   3.253728e+04  -1.623984e-04  -7.274612e-04  -1.623985e-04   3.253728e+04  -4.438924e-05  -7.274610e-04  -4.438922e-05   3.984059e+04
  25.00000   3.119706e+04  -1.238199e-04  -5.493822e-04  -1.238200e-04   3.119706e+04  -5.284115e-04  -5.493824e-04  -5.284117e-04   3.824865e+04
  25.10000   3.138457e+04  -1.474256e-04  -1.812566e-03  -1.474254e-04   3.138457e+04  -6.346345e-04  -1.812566e-03  -6.346346e-04   3.569649e+04
  25.20000   3.292452e+04   2.038432e-04  -2.190515e-03   2.038430e-04   3.292452e+04   2.451946e-04  -2.190515e-03   2.451949e-04   3.517830e+04
  25.30000   3.389357e+04   9.964828e-05  -1.778672e-03   9.964834e-05   3.389357e+04  -4.194709e-04  -1.778672e-03  -4.194710e-04   3.530293e+04
  25.40000   3.504701e+04   2.774359e-05  -7.668945e-04   2.774344e-05   3.504701e+04  -1.645050e-03  -7.668945e-04  -1.645050e-03   3.828999e+04
  25.50000   3.488980e+04   1.452276e-04  -4.191673e-04   1.452278e-04   3.488980e+04  -1.159504e-03  -4.191674e-04  -1.159504e-03   3.925678e+04
  25.60000   3.547405e+04  -1.003400e-04  -4.653408e-04  -1.003397e-04   3.547405e+04  -1.599737e-03  -4.653409e-04  -1.599737e-03   3.973830e+04
  25.70000   3.643523e+04  -2.690131e-04   1.193027e-04  -2.690131e-04   3.643523e+04  -1.332821e-03   1.193024e-04  -1.332821e-03   4.020840e+04
  25.80000   3.557864e+04   2.661053e-05  -5.070116e-04   2.661057e-05   3.557864e+04  -1.276699e-03  -5.070116e-04  -1.276700e-03   3.930472e+04
  25.90000   3.594272e+04   8.787550e-05  -1.125612e-03   8.787573e-05   3.594272e+04  -3.647902e-04  -1.125612e-03  -3.647903e-04   3.757489e+04
  26.00000   3.635665e+04   8.366398e-06  -6.040536e-04   8.366219e-06   3.635665e+04  -4.937614e-04  -6.040535e-04  -4.937616e-04   3.664338e+04
  26.10000   3.609553e+04  -7.559277e-05  -5.030496e-04  -7.559276e-05   3.609553e+04  -4.694375e-04  -5.030495e-04  -4.694375e-04   3.549634e+04
  26.20000   3.550879e+04  -4.591456e-05  -1.336059e-03  -4.591459e-05   3.550879e+04  -3.187356e-04  -1.336059e-03  -3.187352e-04   3.323341e+04
  26.30000   3.581087e+04  -1.218913e-04  -9.812780e-04  -1.218913e-04   3.581087e+04  -1.686841e-04  -9.812779e-04  -1.686842e-04   3.454946e+04
  26.40000   3.567720e+04   4.893155e-06  -1.751730e-03   4.893239e-06   3.567720e+04  -2.763529e-04  -1.751730e-03  -2.763527e-04   3.384011e+04
  26.50000   3.592082e+04   3.576206e-06  -1.322773e-03   3.576123e-06   3.592082e+04   1.150258e-05  -1.322773e-03   1.150263e-05   3.931261e+04
  26.60000   3.323788e+04   3.605799e-05  -1.418422e-03   3.605808e-05   3.323788e+04  -7.156417e-05  -1.418422e-03  -7.156424e-05   3.654759e+04
  26.70000   3.117929e+04  -5.238396e-05  -1.390417e-03  -5.238407e-05   3.117929e+04  -6.854772e-04  -1.390417e-03  -6.854773e-04   3.566284e+04
  26.80000   2.950676e+04  -1.423321e-04  -1.059917e-03  -1.423323e-04   2.950675e+04  -6.322400e-04  -1.059917e-03  -6.322400e-04   3.491592e+04
  26.90000   2.964437e+04   1.073657e-04  -5.749399e-04   1.073657e-04   2.964437e+04  -4.344364e-04  -5.749397e-04  -4.344361e-04   3.590636e+04
  27.00000   2.899145e+04   3.034289e-04  -5.707109e-04   3.034289e-04   2.899145e+04   5.627100e-04  -5.707110e-04   5.627101e-04   3.582988e+04
  27.10000   2.876083e+04   1.794644e-05  -1.094750e-03   1.794638e-05   2.876083e+04   7.152095e-04  -1.094750e-03   7.152094e-04   3.467675e+04
  27.20000   2.767506e+04  -1.499925e-06  -2.882684e-04  -1.499830e-06   2.767506e+04   1.369298e-03  -2.882683e-04   1.369297e-03   3.237168e+04
  27.30000   2.863017e+04  -1.055219e-05  -6.790434e-05  -1.055226e-05   2.863017e+04   2.617392e-03  -6.790457e-05   2.617392e-03   3.361645e+04
  27.40000   2.812143e+04  -6.923653e-05   3.319182e-04  -6.923638e-05   2.812143e+04   2.721914e-03   3.319180e-04   2.721914e-03   3.229741e+04
  27.50000   2.707877e+04   1.175797e-05   2.780231e-04   1.175817e-05   2.707877e+04   1.919206e-03   2.780230e-04   1.919206e-03   3.126728e+04
  27.60000   2.593798e+04  -4.167431e-05   5.915078e-04  -4.167429e-05   2.593798e+04   1.546374e-03   5.915078e-04   1.546374e-03   3.101153e+04
  27.70000   2.607315e+04  -6.799180e-05   4.764392e-04  -6.799192e-05   2.607315e+04   6.522668e-04   4.764394e-04   6.522666e-04   2.964215e+04
  27.80000   2.616437e+04   1.879765e-04   8.542912e-04   1.879765e-04   2.616436e+04   6.187945e-04   8.542913e-04   6.187944e-04   2.983676e+04
  27.90000   2.501391e+04   2.176612e-05   1.272353e-03   2.176622e-05   2.501391e+04   4.932908e-04   1.272353e-03   4.932909e-04   3.007101e+04
  28.00000   2.273664e+04  -1.502417e-04   1.801957e-03  -1.502417e-04   2.273664e+04   3.496493e-04   1.801957e-03   3.496494e-04   2.808793e+04
  28.10000   2.338192e+04   8.630057e-06   2.203247e-03   8.630233e-06   2.338192e+04   1.525157e-03   2.203247e-03   1.525157e-03   2.820572e+04
  28.20000   2.396306e+04   1.228086e-05   2.548978e-03   1.228083e-05   2.396306e+04   2.002649e-03   2.548978e-03   2.002649e-03   2.712384e+04
  28.30000   2.320228e+04   5.719004e-05   2.104380e-03   5.719000e-05   2.320228e+04   1.535812e-03   2.104380e-03   1.535812e-03   2.637074e+04
  28.40000   2.183098e+04   7.857816e-05   8.396055e-05   7.857808e-05   2.183098e+04   4.064586e-04   8.396049e-05   4.064586e-04   2.374596e+04
  28.50000   2.053238e+04   7.999048e-06  -1.061511e-03   7.998921e-06   2.053238e+04   1.557697e-04  -1.061511e-03   1.557696e-04   2.176957e+04
  28.60000   2.288819e+04  -2.534704e-04  -7.603408e-04  -2.534704e-04   2.288819e+04   2.217944e-04  -7.603409e-04   2.217943e-04   2.131678e+04
  28.70000   2.615696e+04   4.066735e-05  -4.401452e-04   4.066739e-05   2.615696e+04   8.291811e-04  -4.401453e-04   8.291812e-04   2.681490e+04
  28.80000   2.670999e+04   1.595145e-04   5.210403e-04   1.595148e-04   2.670999e+04   1.135504e-03   5.210402e-04   1.135504e-03   2.808938e+04
  28.90000   2.328015e+04   1.614725e-04   1.070522e-04   1.614724e-04   2.328015e+04   4.844859e-04   1.070522e-04   4.844859e-04   2.597962e+04
  29.00000   2.015307e+04   6.415735e-05   5.777864e-04   6.415706e-05   2.015308e+04   5.384384e-04   5.777862e-04   5.384384e-04   2.527364e+04
  29.10000   1.864812e+04   3.457923e-04   4.362735e-04   3.457922e-04   1.864812e+04  -4.443276e-04   4.362739e-04  -4.443274e-04   2.562017e+04
  29.20000   1.955274e+04   2.860364e-05   7.046943e-04   2.860328e-05   1.955274e+04  -4.144158e-04   7.046946e-04  -4.144158e-04   2.463718e+04
  29.30000   2.033055e+04   8.423996e-05   1.228832e-03   8.424027e-05   2.033055e+04  -1.899648e-04   1.228831e-03  -1.899648e-04   2.436049e+04
  29.40000   1.944471e+04   6.130324e-05   4.355977e-04   6.130305e-05   1.944471e+04   1.256013e-04   4.355979e-04   1.256012e-04   2.258253e+04
  29.50000   1.744593e+04   1.144193e-04   1.084159e-03   1.144193e-04   1.744593e+04  -7.619673e-05   1.084159e-03  -7.619642e-05   2.126503e+04
  29.60000   1.930020e+04  -1.046712e-04   1.571764e-03  -1.046711e-04   1.930020e+04   9.051026e-04   1.571763e-03   9.051026e-04   2.165038e+04
  29.70000   2.192896e+04   1.184206e-04   1.931360e-03   1.184205e-04   2.192896e+04   1.968395e-03   1.931360e-03   1.968395e-03   2.335792e+04
  29.80000   2.408924e+04   1.183336e-04   3.297193e-03   1.183335e-04   2.408924e+04   8.766890e-04   3.297193e-03   8.766889e-04   2.527569e+04
  29.90000   2.279594e+04   5.531514e-05   3.603772e-03   5.531498e-05   2.279594e+04   4.484881e-04   3.603772e-03   4.484881e-04   2.399679e+04
  30.00000   2.100752e+04   3.550992e-04   3.944306e-03   3.550992e-04   2.100753e+04  -4.613820e-04   3.944306e-03  -4.613820e-04   2.336543e+04
