# omega(eV)            xx             xy             xz             yx             yy             yz             zx             zy             zz (Siemens/meter)
   0.00000   1.374953e+03   1.194478e-06  -6.700026e-06   1.194504e-06   1.374953e+03  -4.428744e-06  -6.700006e-06  -4.428719e-06   1.444892e+03
   0.10000   1.378878e+03   1.198679e-06  -6.717538e-06   1.198705e-06   1.378878e+03  -4.447460e-06  -6.717518e-06  -4.447435e-06   1.447801e+03
   0.20000   1.390897e+03   1.210941e-06  -6.770880e-06   1.210967e-06   1.390897e+03  -4.503404e-06  -6.770859e-06  -4.503379e-06   1.456588e+03
   0.30000   1.411810e+03   1.229827e-06  -6.862631e-06   1.229854e-06   1.411810e+03  -4.595634e-06  -6.862612e-06  -4.595609e-06   1.471438e+03
   0.40000   1.443219e+03   1.251079e-06  -6.997694e-06   1.251106e-06   1.443219e+03  -4.721172e-06  -6.997675e-06  -4.721147e-06   1.492672e+03
   0.50000   1.488166e+03   1.262091e-06  -7.184483e-06   1.262120e-06   1.488166e+03  -4.871223e-06  -7.184464e-06  -4.871199e-06   1.520771e+03
   0.60000   1.552888e+03   1.222008e-06  -7.437418e-06   1.222039e-06   1.552888e+03  -5.019040e-06  -7.437400e-06  -5.019016e-06   1.556424e+03
   0.70000   1.653086e+03   9.681843e-07  -7.781719e-06   9.682175e-07   1.653086e+03  -5.069950e-06  -7.781704e-06  -5.069926e-06   1.600620e+03
   0.80000   1.849871e+03  -4.979844e-07  -8.250762e-06  -4.979473e-07   1.849871e+03  -4.532872e-06  -8.250749e-06  -4.532848e-06   1.654951e+03
   0.90000   2.514375e+03  -9.886952e-06  -8.955662e-06  -9.886902e-06   2.514375e+03  -1.997610e-07  -8.955653e-06  -1.997380e-07   1.723632e+03
   1.00000   3.349777e+03  -4.232497e-06  -1.176836e-05  -4.232513e-06   3.349777e+03   2.891418e-06  -1.176834e-05   2.891407e-06   1.813072e+03
   1.10000   3.869755e+03   4.588860e-06  -1.637232e-05   4.588933e-06   3.869755e+03   1.340477e-06  -1.637231e-05   1.340473e-06   1.919793e+03
   1.20000   5.419159e+03  -5.643251e-06  -2.392821e-05  -5.643154e-06   5.419159e+03   2.125607e-06  -2.392819e-05   2.125625e-06   2.055300e+03
   1.30000   6.819792e+03   1.857373e-05  -3.245954e-05   1.857382e-05   6.819792e+03  -5.099618e-06  -3.245955e-05  -5.099605e-06   2.189945e+03
   1.40000   9.355958e+03   8.305521e-05  -4.610511e-05   8.305527e-05   9.355958e+03  -9.471345e-06  -4.610509e-05  -9.471292e-06   2.415420e+03
   1.50000   9.168650e+03   6.329552e-05  -4.757969e-05   6.329528e-05   9.168650e+03  -1.987539e-05  -4.757956e-05  -1.987539e-05   2.663238e+03
   1.60000   9.465708e+03   2.381120e-05  -4.881739e-05   2.381111e-05   9.465708e+03  -2.944433e-05  -4.881734e-05  -2.944427e-05   3.044837e+03
   1.70000   1.215198e+04   1.997188e-04  -6.186379e-05   1.997189e-04   1.215198e+04  -1.755037e-05  -6.186369e-05  -1.755022e-05   3.481373e+03
   1.80000   1.669835e+04   1.627255e-04  -8.584082e-05   1.627251e-04   1.669835e+04   2.503582e-05  -8.584082e-05   2.503585e-05   4.356823e+03
   1.90000   1.733449e+04   1.628572e-04  -8.807943e-05   1.628571e-04   1.733449e+04   2.222849e-05  -8.807927e-05   2.222866e-05   5.445568e+03
   2.00000   1.962150e+04   8.581210e-05  -8.373140e-05   8.581221e-05   1.962150e+04  -2.053977e-05  -8.373158e-05  -2.053981e-05   7.981648e+03
   2.10000   1.886142e+04  -3.586651e-05  -4.397051e-05  -3.586622e-05   1.886142e+04  -1.080081e-04  -4.397084e-05  -1.080079e-04   1.369677e+04
   2.20000   1.984073e+04  -1.102574e-04   1.496091e-05  -1.102575e-04   1.984073e+04  -2.298748e-04   1.496076e-05  -2.298738e-04   1.868312e+04
   2.30000   3.498397e+04  -6.262972e-05   3.906151e-05  -6.262945e-05   3.498397e+04  -4.999794e-04   3.906199e-05  -4.999800e-04   2.548916e+04
   2.40000   4.620598e+04  -2.689049e-04   9.848572e-05  -2.689050e-04   4.620598e+04  -7.427374e-04   9.848571e-05  -7.427372e-04   2.992370e+04
   2.50000   4.837546e+04  -1.932259e-04   1.266339e-04  -1.932261e-04   4.837546e+04  -9.268197e-04   1.266343e-04  -9.268193e-04   3.947832e+04
   2.60000   4.813921e+04  -3.815473e-04   7.066235e-05  -3.815470e-04   4.813920e+04  -1.024842e-03   7.066193e-05  -1.024842e-03   5.313002e+04
   2.70000   6.263826e+04  -3.348663e-04   8.672439e-05  -3.348658e-04   6.263826e+04  -1.416166e-03   8.672429e-05  -1.416167e-03   7.380891e+04
   2.80000   5.574984e+04  -6.095429e-04  -1.169339e-04  -6.095426e-04   5.574984e+04  -1.443296e-03  -1.169344e-04  -1.443297e-03   1.015822e+05
   2.90000   7.129974e+04   8.713626e-04  -1.029971e-03   8.713600e-04   7.129975e+04  -8.706921e-04  -1.029969e-03  -8.706921e-04   1.377845e+05
   3.00000   4.940682e+04   3.842770e-04  -7.755699e-04   3.842770e-04   4.940682e+04  -5.749286e-04  -7.755699e-04  -5.749297e-04   1.161746e+05
   3.10000   4.880562e+04   2.151189e-04  -5.150321e-04   2.151197e-04   4.880562e+04  -4.742537e-04  -5.150325e-04  -4.742528e-04   1.199686e+05
   3.20000   5.470795e+04   3.424858e-04  -5.123365e-04   3.424858e-04   5.470795e+04  -7.658589e-04  -5.123368e-04  -7.658588e-04   1.436119e+05
   3.30000   7.222580e+04   8.880731e-04  -1.183526e-03   8.880731e-04   7.222580e+04  -4.296130e-04  -1.183526e-03  -4.296142e-04   1.396475e+05
   3.40000   1.096046e+05  -1.420892e-03  -1.401304e-03  -1.420891e-03   1.096046e+05  -7.317077e-04  -1.401304e-03  -7.317074e-04   1.655915e+05
   3.50000   8.466793e+04  -8.974136e-04  -8.566645e-04  -8.974149e-04   8.466793e+04  -6.732069e-04  -8.566635e-04  -6.732063e-04   1.774768e+05
   3.60000   7.976134e+04  -5.032303e-04  -1.392018e-03  -5.032303e-04   7.976133e+04  -1.152313e-03  -1.392016e-03  -1.152313e-03   2.182570e+05
   3.70000   1.031373e+05  -9.171867e-05  -2.357512e-03  -9.171830e-05   1.031373e+05  -2.191824e-04  -2.357513e-03  -2.191813e-04   3.039297e+05
   3.80000   1.043374e+05   1.965193e-04  -8.123292e-04   1.965181e-04   1.043374e+05   1.624686e-04  -8.123289e-04   1.624686e-04   2.527596e+05
   3.90000   1.644409e+05  -2.159490e-05  -5.613893e-04  -2.159410e-05   1.644409e+05  -3.217381e-05  -5.613883e-04  -3.217323e-05   2.092167e+05
   4.00000   2.170059e+05   3.827997e-03  -9.742431e-04   3.827996e-03   2.170059e+05  -7.218146e-04  -9.742438e-04  -7.218134e-04   1.899147e+05
   4.10000   1.975770e+05   2.964125e-03  -6.700370e-04   2.964124e-03   1.975770e+05   3.955231e-04  -6.700371e-04   3.955207e-04   1.758580e+05
   4.20000   1.594517e+05  -8.513142e-04  -3.872312e-04  -8.513153e-04   1.594517e+05   1.175134e-04  -3.872320e-04   1.175148e-04   1.323704e+05
   4.30000   1.511393e+05  -2.724599e-04   4.321653e-05  -2.724597e-04   1.511393e+05  -2.850454e-04   4.321582e-05  -2.850461e-04   1.348505e+05
   4.40000   1.142767e+05   3.966246e-04   2.221774e-04   3.966250e-04   1.142767e+05  -7.477196e-04   2.221778e-04  -7.477194e-04   1.174045e+05
   4.50000   1.459805e+05   4.922184e-04   5.745929e-06   4.922180e-04   1.459805e+05   7.051909e-05   5.745823e-06   7.051905e-05   1.206471e+05
   4.60000   1.425583e+05   4.875345e-04  -1.842469e-04   4.875343e-04   1.425583e+05  -8.822643e-04  -1.842467e-04  -8.822633e-04   9.706806e+04
   4.70000   1.561381e+05  -4.646167e-04  -8.783285e-04  -4.646158e-04   1.561381e+05  -5.387369e-04  -8.783274e-04  -5.387378e-04   8.887686e+04
   4.80000   1.613795e+05  -5.988642e-04  -1.987307e-03  -5.988640e-04   1.613795e+05  -8.596973e-04  -1.987306e-03  -8.596949e-04   1.106095e+05
   4.90000   1.535946e+05  -8.303380e-05  -2.913600e-03  -8.303507e-05   1.535946e+05  -3.293852e-05  -2.913601e-03  -3.293864e-05   1.038229e+05
   5.00000   1.367742e+05   6.092881e-05  -2.669365e-03   6.092762e-05   1.367742e+05  -5.929167e-04  -2.669364e-03  -5.929169e-04   1.150342e+05
   5.10000   1.475216e+05   5.115142e-04  -3.068036e-03   5.115157e-04   1.475216e+05  -1.088423e-03  -3.068036e-03  -1.088423e-03   2.061552e+05
   5.20000   2.046017e+05  -5.055017e-04  -2.583514e-03  -5.055005e-04   2.046017e+05  -4.427887e-03  -2.583515e-03  -4.427887e-03   2.199536e+05
   5.30000   1.873154e+05   4.814571e-04  -1.984883e-03   4.814569e-04   1.873153e+05  -2.255679e-03  -1.984884e-03  -2.255680e-03   1.721782e+05
   5.40000   2.182424e+05   1.896621e-04  -1.350284e-03   1.896622e-04   2.182424e+05  -3.058236e-03  -1.350284e-03  -3.058236e-03   1.746454e+05
   5.50000   2.254375e+05   3.882739e-04  -7.211179e-04   3.882739e-04   2.254375e+05  -3.990953e-03  -7.211200e-04  -3.990954e-03   1.663176e+05
   5.60000   2.185503e+05   9.572248e-05   3.191459e-04   9.572311e-05   2.185503e+05  -2.847640e-03   3.191481e-04  -2.847639e-03   1.365013e+05
   5.70000   1.776018e+05   3.636325e-04   4.839581e-05   3.636343e-04   1.776018e+05   8.839913e-05   4.839714e-05   8.840152e-05   1.108198e+05
   5.80000   1.853278e+05  -8.644271e-05   2.637271e-04  -8.644412e-05   1.853278e+05   2.524547e-04   2.637272e-04   2.524544e-04   1.267307e+05
   5.90000   1.993754e+05   1.145639e-04   1.256548e-04   1.145627e-04   1.993754e+05  -2.630950e-03   1.256552e-04  -2.630951e-03   1.913123e+05
   6.00000   1.714275e+05  -3.425213e-04   3.624469e-04  -3.425221e-04   1.714275e+05  -4.991771e-03   3.624493e-04  -4.991772e-03   2.005948e+05
   6.10000   2.142898e+05  -2.128843e-04   2.689478e-03  -2.128790e-04   2.142898e+05  -4.939527e-03   2.689476e-03  -4.939525e-03   1.550563e+05
   6.20000   1.729665e+05  -1.541594e-04   6.698486e-04  -1.541579e-04   1.729665e+05  -6.513103e-03   6.698501e-04  -6.513105e-03   1.251056e+05
   6.30000   1.571989e+05   1.619787e-04   4.599459e-04   1.619772e-04   1.571989e+05  -3.286238e-03   4.599462e-04  -3.286237e-03   9.078021e+04
   6.40000   1.544640e+05  -1.070655e-03   1.046603e-03  -1.070658e-03   1.544640e+05  -5.744572e-04   1.046601e-03  -5.744572e-04   6.660540e+04
   6.50000   1.312958e+05   2.932129e-04   8.635172e-04   2.932142e-04   1.312958e+05  -6.353116e-04   8.635162e-04  -6.353111e-04   6.088924e+04
   6.60000   1.321345e+05  -7.761919e-04  -2.197175e-04  -7.761909e-04   1.321345e+05  -2.370275e-03  -2.197169e-04  -2.370275e-03   6.720904e+04
   6.70000   1.535381e+05  -1.471636e-05   6.272582e-04  -1.471701e-05   1.535381e+05   2.500042e-04   6.272574e-04   2.500048e-04   7.053878e+04
   6.80000   1.480547e+05   2.493544e-04  -3.767016e-04   2.493549e-04   1.480547e+05  -3.698823e-04  -3.767016e-04  -3.698826e-04   8.023825e+04
   6.90000   1.486962e+05  -4.386266e-04  -1.405374e-03  -4.386265e-04   1.486962e+05   4.540460e-04  -1.405375e-03   4.540455e-04   9.132748e+04
   7.00000   1.351811e+05   3.467527e-04  -1.718786e-03   3.467528e-04   1.351811e+05   5.044817e-04  -1.718788e-03   5.044827e-04   1.167613e+05
   7.10000   1.214792e+05  -5.851556e-04  -3.388908e-03  -5.851533e-04   1.214792e+05   1.758352e-04  -3.388906e-03   1.758347e-04   1.321289e+05
   7.20000   1.150955e+05  -1.179008e-05  -8.582776e-04  -1.179120e-05   1.150955e+05   1.198167e-03  -8.582772e-04   1.198168e-03   1.265737e+05
   7.30000   8.693192e+04   2.903240e-05  -1.587552e-03   2.903280e-05   8.693192e+04   4.977452e-04  -1.587552e-03   4.977455e-04   9.937738e+04
   7.40000   8.811915e+04   4.651001e-04   2.974987e-04   4.650998e-04   8.811915e+04   6.435289e-04   2.974993e-04   6.435274e-04   9.786926e+04
   7.50000   9.470376e+04   3.221413e-04   6.158486e-04   3.221407e-04   9.470376e+04   2.528962e-03   6.158478e-04   2.528962e-03   1.013714e+05
   7.60000   1.042781e+05   5.545530e-04   9.921987e-04   5.545531e-04   1.042781e+05   1.336679e-03   9.921984e-04   1.336679e-03   1.147731e+05
   7.70000   1.080427e+05   4.166517e-04  -1.295554e-04   4.166522e-04   1.080428e+05   3.891975e-03  -1.295552e-04   3.891975e-03   1.131184e+05
   7.80000   1.081881e+05   7.677396e-04   1.856550e-04   7.677390e-04   1.081881e+05   2.593440e-03   1.856544e-04   2.593440e-03   1.268152e+05
   7.90000   9.867731e+04   1.013631e-04   6.853566e-04   1.013638e-04   9.867731e+04   1.669315e-03   6.853570e-04   1.669314e-03   1.230412e+05
   8.00000   8.989829e+04   5.694029e-04   1.300807e-03   5.694030e-04   8.989829e+04   1.057351e-03   1.300806e-03   1.057351e-03   1.247324e+05
   8.10000   8.749581e+04   2.512930e-05   5.443237e-06   2.512902e-05   8.749582e+04   2.383002e-03   5.442696e-06   2.383001e-03   1.222188e+05
   8.20000   1.036069e+05   6.066326e-05   1.260269e-03   6.066311e-05   1.036069e+05   2.286822e-03   1.260269e-03   2.286824e-03   1.226814e+05
   8.30000   1.218788e+05   1.270554e-04   3.539941e-03   1.270547e-04   1.218788e+05   1.156554e-03   3.539942e-03   1.156552e-03   1.202975e+05
   8.40000   1.281163e+05   9.690634e-05   2.255902e-03   9.690528e-05   1.281163e+05   2.007866e-03   2.255902e-03   2.007865e-03   1.137542e+05
   8.50000   1.184230e+05  -3.249545e-06   2.277687e-03  -3.249575e-06   1.184230e+05   1.261198e-03   2.277686e-03   1.261198e-03   9.148330e+04
   8.60000   9.568227e+04  -2.324758e-04   4.586301e-03  -2.324755e-04   9.568227e+04   6.636682e-04   4.586301e-03   6.636694e-04   8.967738e+04
   8.70000   8.181374e+04  -2.255647e-04   5.440712e-04  -2.255651e-04   8.181374e+04   2.347473e-03   5.440711e-04   2.347473e-03   8.347072e+04
   8.80000   8.122808e+04  -3.741614e-04   3.196880e-04  -3.741612e-04   8.122808e+04   3.175827e-03   3.196880e-04   3.175828e-03   1.030333e+05
   8.90000   7.485872e+04   9.759375e-05   8.842554e-04   9.759455e-05   7.485872e+04   4.245469e-03   8.842550e-04   4.245470e-03   1.061764e+05
   9.00000   6.592709e+04  -1.267820e-04  -2.221668e-03  -1.267822e-04   6.592709e+04   3.474504e-03  -2.221668e-03   3.474504e-03   8.539749e+04
   9.10000   7.167083e+04   2.022173e-04  -3.733136e-03   2.022187e-04   7.167083e+04   3.631377e-03  -3.733135e-03   3.631376e-03   9.095137e+04
   9.20000   7.625336e+04   2.014440e-04  -2.876505e-03   2.014441e-04   7.625336e+04   4.544283e-03  -2.876505e-03   4.544283e-03   8.460834e+04
   9.30000   7.604851e+04   2.702456e-04  -2.679545e-03   2.702448e-04   7.604852e+04   5.969494e-03  -2.679545e-03   5.969495e-03   8.296600e+04
   9.40000   8.021945e+04  -1.093278e-04  -2.908445e-03  -1.093271e-04   8.021945e+04   4.379550e-03  -2.908445e-03   4.379549e-03   7.205128e+04
   9.50000   8.950228e+04   3.607833e-04  -3.472135e-03   3.607833e-04   8.950228e+04   4.155350e-03  -3.472135e-03   4.155351e-03   8.010533e+04
   9.60000   8.397901e+04   5.197156e-04  -2.300828e-03   5.197162e-04   8.397901e+04   2.890254e-03  -2.300829e-03   2.890254e-03   6.609594e+04
   9.70000   7.404755e+04   4.770816e-04  -9.938276e-04   4.770812e-04   7.404755e+04   2.218708e-03  -9.938277e-04   2.218708e-03   5.483737e+04
   9.80000   7.253204e+04   3.988259e-04  -6.155423e-04   3.988238e-04   7.253205e+04   3.152667e-03  -6.155424e-04   3.152667e-03   6.234146e+04
   9.90000   7.504083e+04   2.905994e-04  -3.965630e-04   2.906008e-04   7.504084e+04   2.297477e-03  -3.965631e-04   2.297476e-03   5.719617e+04
  10.00000   8.088994e+04   1.407980e-04   3.734973e-05   1.407963e-04   8.088995e+04   1.645123e-03   3.735014e-05   1.645124e-03   6.039067e+04
  10.10000   7.390472e+04  -3.603988e-05  -1.269806e-03  -3.603777e-05   7.390472e+04   2.119022e-03  -1.269806e-03   2.119022e-03   6.394862e+04
  10.20000   7.423020e+04  -8.076889e-05  -2.612362e-03  -8.076840e-05   7.423020e+04   2.594026e-03  -2.612362e-03   2.594026e-03   7.327946e+04
  10.30000   7.785124e+04   5.998369e-05  -5.411887e-04   5.998373e-05   7.785125e+04   1.834159e-03  -5.411886e-04   1.834160e-03   5.882103e+04
  10.40000   7.630290e+04  -2.753245e-04  -2.585821e-04  -2.753241e-04   7.630290e+04   1.361905e-03  -2.585818e-04   1.361905e-03   5.653775e+04
  10.50000   6.701956e+04  -4.454073e-04   6.278072e-04  -4.454078e-04   6.701956e+04   2.304863e-03   6.278076e-04   2.304863e-03   5.668149e+04
  10.60000   6.883786e+04  -4.598050e-04   2.503367e-03  -4.598046e-04   6.883786e+04   1.308618e-03   2.503366e-03   1.308618e-03   5.262578e+04
  10.70000   7.960101e+04  -4.736722e-04   3.005225e-03  -4.736715e-04   7.960101e+04   2.632832e-03   3.005226e-03   2.632831e-03   6.243948e+04
  10.80000   9.910139e+04  -2.554388e-04   6.389247e-04  -2.554394e-04   9.910140e+04   1.886007e-03   6.389244e-04   1.886008e-03   6.095386e+04
  10.90000   8.985306e+04  -2.427128e-04   6.764632e-04  -2.427133e-04   8.985306e+04   1.623313e-03   6.764633e-04   1.623313e-03   5.122255e+04
  11.00000   7.632020e+04  -4.213767e-04   1.089189e-03  -4.213763e-04   7.632020e+04  -2.621577e-04   1.089189e-03  -2.621574e-04   5.305735e+04
  11.10000   6.286291e+04  -1.102003e-04  -1.720523e-04  -1.102004e-04   6.286292e+04   3.305307e-04  -1.720527e-04   3.305308e-04   5.007194e+04
  11.20000   6.234323e+04  -5.192948e-04  -4.495850e-04  -5.192939e-04   6.234323e+04   1.687588e-03  -4.495849e-04   1.687588e-03   5.491107e+04
  11.30000   5.949612e+04   4.089861e-05  -9.562957e-04   4.089816e-05   5.949612e+04   1.905991e-03  -9.562963e-04   1.905991e-03   6.211038e+04
  11.40000   5.855803e+04  -3.698665e-04  -2.110357e-03  -3.698660e-04   5.855803e+04   1.913732e-03  -2.110357e-03   1.913732e-03   6.909099e+04
  11.50000   5.717414e+04   1.044256e-04  -3.374576e-03   1.044250e-04   5.717414e+04   2.819983e-03  -3.374575e-03   2.819984e-03   8.157220e+04
  11.60000   5.872771e+04  -4.535805e-04  -3.577592e-03  -4.535804e-04   5.872771e+04   2.442016e-03  -3.577592e-03   2.442016e-03   8.151836e+04
  11.70000   6.023201e+04  -1.216613e-04  -1.821338e-03  -1.216615e-04   6.023201e+04   1.870058e-03  -1.821338e-03   1.870057e-03   7.886694e+04
  11.80000   6.276118e+04  -4.077323e-04  -1.198986e-03  -4.077335e-04   6.276119e+04  -7.806472e-04  -1.198986e-03  -7.806467e-04   7.987695e+04
  11.90000   7.093618e+04  -1.437490e-05  -1.252451e-03  -1.437362e-05   7.093618e+04   6.538854e-04  -1.252451e-03   6.538858e-04   7.368414e+04
  12.00000   6.395625e+04  -6.369455e-05  -6.496537e-04  -6.369486e-05   6.395625e+04   2.121887e-03  -6.496538e-04   2.121887e-03   7.218226e+04
  12.10000   5.832984e+04   1.866831e-04  -5.816176e-04   1.866842e-04   5.832984e+04   1.886081e-03  -5.816169e-04   1.886080e-03   7.350185e+04
  12.20000   4.834419e+04  -7.704192e-05  -1.736208e-03  -7.704260e-05   4.834419e+04   8.302200e-04  -1.736208e-03   8.302198e-04   7.111559e+04
  12.30000   4.692949e+04   2.997409e-04  -2.133994e-03   2.997404e-04   4.692949e+04   5.947424e-04  -2.133993e-03   5.947425e-04   6.923536e+04
  12.40000   5.041110e+04   2.798880e-05  -3.236239e-03   2.798930e-05   5.041110e+04  -2.396423e-04  -3.236240e-03  -2.396427e-04   7.429554e+04
  12.50000   5.412111e+04  -7.277975e-04  -2.464753e-03  -7.277980e-04   5.412111e+04   4.500206e-04  -2.464753e-03   4.500206e-04   7.312629e+04
  12.60000   5.316378e+04  -7.332233e-04  -1.558078e-03  -7.332235e-04   5.316378e+04   8.670473e-04  -1.558079e-03   8.670476e-04   7.430439e+04
  12.70000   5.736850e+04  -3.139659e-04  -2.427867e-03  -3.139658e-04   5.736850e+04  -1.049987e-03  -2.427866e-03  -1.049987e-03   7.176355e+04
  12.80000   5.370659e+04  -7.115028e-05  -2.448941e-03  -7.115005e-05   5.370659e+04  -6.997053e-04  -2.448941e-03  -6.997057e-04   6.047829e+04
  12.90000   5.203752e+04  -3.668862e-05  -2.442741e-03  -3.668864e-05   5.203752e+04   6.381414e-05  -2.442741e-03   6.381438e-05   6.012927e+04
  13.00000   4.816405e+04  -2.291430e-04  -1.496514e-03  -2.291425e-04   4.816406e+04  -1.158768e-04  -1.496514e-03  -1.158767e-04   6.275556e+04
  13.10000   4.649923e+04  -9.153404e-05  -7.808211e-04  -9.153368e-05   4.649923e+04  -1.667873e-04  -7.808209e-04  -1.667876e-04   4.844910e+04
  13.20000   4.471124e+04  -1.189061e-04  -3.037213e-04  -1.189063e-04   4.471124e+04  -3.962473e-04  -3.037212e-04  -3.962476e-04   4.459276e+04
  13.30000   3.899121e+04   2.184163e-05  -1.940735e-04   2.184195e-05   3.899121e+04  -1.399845e-03  -1.940741e-04  -1.399845e-03   4.647256e+04
  13.40000   4.024286e+04   6.150938e-05   8.382099e-04   6.150970e-05   4.024286e+04  -1.798419e-03   8.382103e-04  -1.798419e-03   4.643250e+04
  13.50000   3.652819e+04  -1.713108e-04  -1.838048e-04  -1.713105e-04   3.652819e+04  -1.922700e-03  -1.838048e-04  -1.922700e-03   4.761774e+04
  13.60000   3.393239e+04   5.596750e-05   1.074785e-04   5.596713e-05   3.393239e+04  -2.061910e-03   1.074784e-04  -2.061910e-03   4.997925e+04
  13.70000   3.198190e+04   8.401778e-05  -1.003561e-04   8.401759e-05   3.198190e+04  -2.190411e-03  -1.003561e-04  -2.190410e-03   4.911965e+04
  13.80000   3.291335e+04   1.026602e-04  -1.253738e-03   1.026601e-04   3.291335e+04  -1.294803e-03  -1.253739e-03  -1.294803e-03   4.347010e+04
  13.90000   3.441540e+04   6.404714e-05  -2.035387e-03   6.404712e-05   3.441540e+04  -7.526342e-04  -2.035387e-03  -7.526343e-04   4.263080e+04
  14.00000   3.547944e+04  -1.378209e-04  -1.213813e-03  -1.378208e-04   3.547944e+04  -5.269488e-04  -1.213813e-03  -5.269487e-04   3.764426e+04
  14.10000   3.102164e+04   9.408997e-05  -1.115111e-03   9.408966e-05   3.102164e+04  -1.327850e-03  -1.115112e-03  -1.327851e-03   3.472971e+04
  14.20000   3.034483e+04  -1.417109e-04  -1.572602e-03  -1.417109e-04   3.034483e+04  -1.977745e-03  -1.572601e-03  -1.977745e-03   3.357950e+04
  14.30000   2.900495e+04   1.064491e-05  -4.714981e-04   1.064486e-05   2.900495e+04  -1.757716e-04  -4.714980e-04  -1.757713e-04   2.885116e+04
  14.40000   2.725363e+04  -4.108471e-05  -5.513075e-04  -4.108479e-05   2.725363e+04   2.161335e-03  -5.513075e-04   2.161335e-03   3.012722e+04
  14.50000   2.689543e+04   5.820849e-05  -1.346799e-03   5.820863e-05   2.689543e+04   1.667855e-03  -1.346799e-03   1.667854e-03   3.107046e+04
  14.60000   2.628383e+04  -5.146735e-05  -1.320558e-03  -5.146727e-05   2.628383e+04   2.638009e-03  -1.320558e-03   2.638009e-03   3.158083e+04
  14.70000   2.965074e+04   6.002202e-05  -1.667030e-03   6.002197e-05   2.965074e+04   1.178899e-03  -1.667030e-03   1.178899e-03   3.036399e+04
  14.80000   2.975472e+04  -6.325105e-05  -1.306498e-03  -6.325107e-05   2.975472e+04   1.677954e-04  -1.306498e-03   1.677952e-04   3.235539e+04
  14.90000   2.905590e+04  -2.190865e-04  -5.498889e-04  -2.190865e-04   2.905590e+04  -1.941624e-04  -5.498889e-04  -1.941624e-04   3.425069e+04
  15.00000   2.935662e+04  -6.880267e-05  -5.601112e-04  -6.880269e-05   2.935662e+04   1.905477e-04  -5.601113e-04   1.905477e-04   3.440096e+04
  15.10000   2.728732e+04  -1.350544e-04  -2.372976e-04  -1.350547e-04   2.728732e+04  -1.421108e-04  -2.372977e-04  -1.421110e-04   3.401017e+04
  15.20000   2.461146e+04  -1.050800e-04  -6.504639e-04  -1.050799e-04   2.461146e+04   9.934682e-04  -6.504640e-04   9.934683e-04   3.659050e+04
  15.30000   2.397470e+04  -2.850745e-06  -1.379582e-05  -2.850874e-06   2.397470e+04   7.656860e-04  -1.379584e-05   7.656864e-04   4.371969e+04
  15.40000   2.327782e+04  -6.206658e-05   5.910354e-04  -6.206686e-05   2.327782e+04   6.477989e-04   5.910355e-04   6.477985e-04   4.894431e+04
  15.50000   2.280922e+04   1.208334e-04   1.312292e-03   1.208335e-04   2.280922e+04   1.463988e-03   1.312292e-03   1.463988e-03   4.525915e+04
  15.60000   2.474278e+04   1.225729e-04   1.277026e-03   1.225729e-04   2.474278e+04   1.642151e-03   1.277026e-03   1.642151e-03   4.601003e+04
  15.70000   2.407206e+04   1.088410e-04   1.270781e-03   1.088414e-04   2.407206e+04   1.846606e-03   1.270781e-03   1.846606e-03   4.533559e+04
  15.80000   2.664066e+04   7.114960e-06   2.096138e-03   7.115187e-06   2.664066e+04   4.646981e-03   2.096138e-03   4.646981e-03   6.701490e+04
  15.90000   2.660964e+04   7.862706e-05   1.458710e-03   7.862647e-05   2.660964e+04   1.362673e-03   1.458711e-03   1.362674e-03   5.696083e+04
  16.00000   2.558437e+04  -1.650810e-04   6.434292e-04  -1.650809e-04   2.558437e+04   8.833125e-04   6.434290e-04   8.833126e-04   4.529919e+04
  16.10000   2.969188e+04   2.461226e-05  -1.600027e-05   2.461247e-05   2.969188e+04   7.849045e-04  -1.600006e-05   7.849043e-04   4.514783e+04
  16.20000   3.009226e+04   4.442094e-05   2.186581e-04   4.442118e-05   3.009226e+04   3.966680e-04   2.186589e-04   3.966680e-04   4.630732e+04
  16.30000   3.097939e+04   4.629414e-05   1.666356e-04   4.629387e-05   3.097939e+04  -4.333339e-04   1.666354e-04  -4.333337e-04   4.558180e+04
  16.40000   3.027481e+04   1.029105e-04  -4.589617e-04   1.029102e-04   3.027481e+04  -9.585924e-04  -4.589619e-04  -9.585923e-04   4.777178e+04
  16.50000   2.915907e+04   6.609188e-05  -2.843805e-04   6.609162e-05   2.915907e+04  -8.907230e-04  -2.843808e-04  -8.907231e-04   4.284874e+04
  16.60000   3.009086e+04  -3.888614e-05  -1.604857e-05  -3.888580e-05   3.009086e+04  -2.276126e-04  -1.604835e-05  -2.276124e-04   3.893778e+04
  16.70000   3.030515e+04   2.041339e-05   5.041650e-04   2.041342e-05   3.030515e+04  -1.057664e-03   5.041653e-04  -1.057664e-03   4.234955e+04
  16.80000   2.913619e+04   1.048242e-04   1.102586e-03   1.048238e-04   2.913619e+04   1.498994e-04   1.102586e-03   1.498996e-04   4.213580e+04
  16.90000   3.119700e+04  -1.119686e-04   1.848385e-03  -1.119683e-04   3.119700e+04   1.300106e-03   1.848385e-03   1.300106e-03   4.778653e+04
  17.00000   2.921458e+04  -1.028720e-04   6.021085e-04  -1.028719e-04   2.921458e+04   4.490652e-04   6.021084e-04   4.490650e-04   4.059270e+04
  17.10000   2.914847e+04  -2.046500e-05   5.049683e-04  -2.046487e-05   2.914847e+04   1.947532e-04   5.049681e-04   1.947531e-04   3.811312e+04
  17.20000   2.832846e+04   5.563157e-05   4.698621e-04   5.563173e-05   2.832846e+04  -1.527446e-03   4.698618e-04  -1.527446e-03   3.220147e+04
  17.30000   2.983536e+04   5.244852e-05   2.013479e-04   5.244823e-05   2.983535e+04   6.640741e-05   2.013477e-04   6.640744e-05   3.055534e+04
  17.40000   3.051597e+04  -2.819607e-05   3.235971e-05  -2.819614e-05   3.051597e+04  -1.181811e-04   3.235994e-05  -1.181811e-04   2.986047e+04
  17.50000   3.297329e+04  -2.347786e-05   7.211122e-04  -2.347752e-05   3.297328e+04   2.699180e-04   7.211123e-04   2.699179e-04   3.296555e+04
  17.60000   2.928700e+04   1.740265e-05   7.430836e-04   1.740268e-05   2.928700e+04   3.553610e-04   7.430837e-04   3.553610e-04   3.295985e+04
  17.70000   2.845332e+04   1.016915e-05   3.657691e-04   1.016911e-05   2.845332e+04   1.010181e-03   3.657689e-04   1.010182e-03   3.264760e+04
  17.80000   2.742349e+04   6.942852e-05   3.302204e-04   6.942865e-05   2.742349e+04   1.245484e-03   3.302205e-04   1.245484e-03   3.027778e+04
  17.90000   2.714284e+04   4.244355e-05  -3.789448e-05   4.244331e-05   2.714284e+04   9.875635e-04  -3.789456e-05   9.875638e-04   2.979731e+04
  18.00000   2.583201e+04   2.111501e-05  -3.000504e-05   2.111485e-05   2.583201e+04   1.139547e-03  -3.000482e-05   1.139547e-03   2.599632e+04
  18.10000   2.610546e+04   4.733624e-05  -6.465170e-04   4.733635e-05   2.610546e+04   8.822574e-04  -6.465167e-04   8.822573e-04   2.666449e+04
  18.20000   2.988679e+04   1.236178e-05  -8.892687e-04   1.236183e-05   2.988678e+04   1.514696e-03  -8.892686e-04   1.514696e-03   3.314874e+04
  18.30000   3.160571e+04   6.148980e-05  -3.214117e-04   6.148941e-05   3.160571e+04   1.401067e-03  -3.214120e-04   1.401067e-03   3.455730e+04
  18.40000   3.644169e+04   2.517796e-04  -5.891888e-04   2.517795e-04   3.644169e+04   1.612662e-03  -5.891891e-04   1.612662e-03   3.775621e+04
  18.50000   4.139759e+04  -7.509887e-05  -3.215255e-04  -7.509882e-05   4.139759e+04   2.763356e-03  -3.215249e-04   2.763357e-03   4.252403e+04
  18.60000   4.452065e+04   4.126747e-05  -2.864653e-04   4.126779e-05   4.452065e+04   2.913359e-03  -2.864653e-04   2.913359e-03   4.779648e+04
  18.70000   4.536952e+04   1.611195e-04   1.244948e-04   1.611198e-04   4.536952e+04   3.249101e-03   1.244950e-04   3.249101e-03   5.179773e+04
  18.80000   4.729744e+04  -3.684271e-04   1.336647e-03  -3.684275e-04   4.729744e+04   3.380286e-03   1.336646e-03   3.380285e-03   6.222431e+04
  18.90000   4.165949e+04   7.500512e-05   2.532075e-04   7.500527e-05   4.165948e+04   2.596114e-03   2.532076e-04   2.596114e-03   4.867520e+04
  19.00000   3.541316e+04  -1.122333e-04   8.765521e-04  -1.122335e-04   3.541316e+04   1.890032e-03   8.765517e-04   1.890032e-03   4.035958e+04
  19.10000   4.214648e+04  -2.099808e-04   1.233695e-03  -2.099809e-04   4.214648e+04   1.606932e-03   1.233696e-03   1.606932e-03   4.752313e+04
  19.20000   4.914304e+04  -2.836414e-04   1.596685e-03  -2.836408e-04   4.914304e+04  -1.360090e-03   1.596685e-03  -1.360091e-03   5.257708e+04
  19.30000   4.749277e+04  -2.221248e-04   1.891970e-03  -2.221245e-04   4.749277e+04   5.470148e-04   1.891970e-03   5.470143e-04   5.445055e+04
  19.40000   4.485728e+04  -2.472347e-04   2.230382e-03  -2.472348e-04   4.485728e+04  -7.751450e-04   2.230382e-03  -7.751452e-04   5.189507e+04
  19.50000   4.395128e+04  -2.921207e-04   2.164719e-03  -2.921208e-04   4.395128e+04  -8.191159e-04   2.164719e-03  -8.191160e-04   4.853556e+04
  19.60000   4.281019e+04  -1.300755e-04  -2.031857e-05  -1.300756e-04   4.281018e+04  -1.269165e-03  -2.031926e-05  -1.269165e-03   4.296447e+04
  19.70000   4.320271e+04  -6.066517e-05  -1.311227e-04  -6.066534e-05   4.320271e+04  -3.661146e-04  -1.311227e-04  -3.661144e-04   4.236799e+04
  19.80000   4.343621e+04   6.089640e-06   1.093045e-03   6.089764e-06   4.343621e+04   1.203144e-03   1.093045e-03   1.203144e-03   4.573772e+04
  19.90000   4.422299e+04   2.756146e-04   2.039977e-04   2.756144e-04   4.422299e+04  -1.070274e-03   2.039975e-04  -1.070274e-03   4.826428e+04
  20.00000   5.052070e+04   1.325075e-04  -6.512048e-04   1.325075e-04   5.052070e+04  -2.611891e-03  -6.512052e-04  -2.611891e-03   5.089114e+04
  20.10000   5.218089e+04   3.228719e-04  -6.424903e-04   3.228722e-04   5.218089e+04  -1.935620e-04  -6.424901e-04  -1.935626e-04   5.018864e+04
  20.20000   5.308335e+04   2.598234e-04  -2.677850e-04   2.598231e-04   5.308335e+04   9.622022e-05  -2.677853e-04   9.622002e-05   5.258883e+04
  20.30000   5.596058e+04   3.355457e-04  -1.627359e-05   3.355456e-04   5.596058e+04   2.281387e-04  -1.627402e-05   2.281394e-04   5.911704e+04
  20.40000   5.265625e+04   4.100958e-04  -3.293761e-05   4.100961e-04   5.265625e+04   1.160577e-03  -3.293799e-05   1.160577e-03   5.596184e+04
  20.50000   4.559898e+04   2.047660e-04  -4.503353e-04   2.047657e-04   4.559898e+04   1.472911e-03  -4.503354e-04   1.472910e-03   4.495409e+04
  20.60000   4.464739e+04   1.927182e-04  -5.585301e-04   1.927181e-04   4.464739e+04   7.367373e-04  -5.585308e-04   7.367374e-04   3.830982e+04
  20.70000   4.528867e+04   1.300678e-04  -3.488919e-04   1.300686e-04   4.528867e+04   1.736284e-03  -3.488916e-04   1.736284e-03   4.147846e+04
  20.80000   4.490801e+04  -5.499889e-05  -2.055793e-04  -5.499856e-05   4.490801e+04   1.300144e-03  -2.055793e-04   1.300144e-03   4.375589e+04
  20.90000   4.686963e+04  -1.278739e-04   1.802579e-06  -1.278743e-04   4.686963e+04   1.706082e-03   1.802905e-06   1.706082e-03   4.627363e+04
  21.00000   5.413199e+04  -3.753331e-04   3.702983e-04  -3.753334e-04   5.413199e+04   1.331404e-03   3.702987e-04   1.331404e-03   5.038632e+04
  21.10000   5.715284e+04  -3.053382e-04  -2.139371e-04  -3.053384e-04   5.715284e+04   1.540155e-03  -2.139373e-04   1.540155e-03   5.154159e+04
  21.20000   6.070740e+04  -1.822296e-04  -5.077601e-05  -1.822295e-04   6.070740e+04   7.428162e-05  -5.077617e-05   7.428188e-05   5.082534e+04
  21.30000   5.801840e+04   2.421068e-04   1.726829e-04   2.421069e-04   5.801840e+04  -1.616800e-04   1.726835e-04  -1.616800e-04   3.962517e+04
  21.40000   5.569225e+04  -5.889842e-05   6.796292e-04  -5.889858e-05   5.569225e+04   1.141787e-03   6.796290e-04   1.141787e-03   4.189997e+04
  21.50000   5.573858e+04   1.913391e-04   9.066354e-04   1.913388e-04   5.573858e+04   2.705254e-03   9.066356e-04   2.705254e-03   5.159657e+04
  21.60000   4.972104e+04   1.426608e-04  -2.871853e-04   1.426609e-04   4.972104e+04   2.880431e-03  -2.871851e-04   2.880431e-03   4.919307e+04
  21.70000   4.334368e+04  -3.875762e-07  -3.051569e-04  -3.873711e-07   4.334368e+04   1.866705e-03  -3.051572e-04   1.866705e-03   4.319936e+04
  21.80000   3.951590e+04  -1.887712e-04  -3.928391e-04  -1.887714e-04   3.951590e+04   4.738369e-04  -3.928388e-04   4.738372e-04   3.590976e+04
  21.90000   3.938820e+04  -2.780681e-04  -2.138688e-04  -2.780681e-04   3.938819e+04   2.350297e-03  -2.138692e-04   2.350297e-03   3.636663e+04
  22.00000   3.935261e+04  -5.320296e-04  -1.203583e-04  -5.320297e-04   3.935260e+04  -1.375923e-03  -1.203581e-04  -1.375923e-03   3.554030e+04
  22.10000   3.517479e+04  -4.493052e-05  -1.594308e-04  -4.492992e-05   3.517479e+04  -3.324309e-04  -1.594308e-04  -3.324310e-04   3.338561e+04
  22.20000   3.170770e+04  -5.206186e-05  -1.215517e-04  -5.206174e-05   3.170770e+04   4.074070e-04  -1.215516e-04   4.074070e-04   3.290880e+04
  22.30000   3.157288e+04  -6.244498e-05   6.448497e-05  -6.244453e-05   3.157288e+04   7.692500e-04   6.448517e-05   7.692500e-04   3.104992e+04
  22.40000   3.203827e+04   1.417935e-04  -3.332916e-04   1.417934e-04   3.203827e+04  -2.022046e-04  -3.332915e-04  -2.022046e-04   3.018462e+04
  22.50000   2.962881e+04  -8.953567e-05   4.332030e-04  -8.953554e-05   2.962881e+04   7.036447e-04   4.332026e-04   7.036446e-04   3.461444e+04
  22.60000   2.961115e+04   3.574847e-05   4.727874e-04   3.574853e-05   2.961115e+04   1.120768e-03   4.727877e-04   1.120768e-03   3.570214e+04
  22.70000   2.923497e+04  -7.537321e-05  -1.938349e-04  -7.537326e-05   2.923497e+04   1.616931e-03  -1.938351e-04   1.616931e-03   3.304701e+04
  22.80000   3.077692e+04  -3.499651e-04  -1.588942e-04  -3.499651e-04   3.077692e+04   2.721310e-03  -1.588939e-04   2.721310e-03   3.087558e+04
  22.90000   2.909513e+04   2.863029e-04  -8.232673e-04   2.863029e-04   2.909513e+04   2.953221e-03  -8.232676e-04   2.953221e-03   2.843705e+04
  23.00000   2.848193e+04   3.036756e-04  -1.038619e-03   3.036756e-04   2.848193e+04   3.525393e-03  -1.038619e-03   3.525393e-03   2.874816e+04
  23.10000   2.850525e+04   3.973241e-04  -1.488019e-03   3.973243e-04   2.850525e+04   4.305744e-03  -1.488019e-03   4.305743e-03   2.979883e+04
  23.20000   2.593376e+04   5.873162e-05  -1.054783e-03   5.873126e-05   2.593376e+04   2.270519e-03  -1.054783e-03   2.270519e-03   2.783355e+04
  23.30000   2.476057e+04   1.021993e-04  -7.888200e-04   1.021992e-04   2.476057e+04   1.553416e-03  -7.888200e-04   1.553416e-03   2.640842e+04
  23.40000   2.556439e+04   1.068405e-04  -3.494620e-04   1.068404e-04   2.556439e+04   1.463425e-03  -3.494617e-04   1.463425e-03   2.750987e+04
  23.50000   2.631281e+04  -1.249101e-05   9.455615e-04  -1.249111e-05   2.631281e+04  -4.599030e-05   9.455615e-04  -4.599044e-05   3.107514e+04
  23.60000   2.624184e+04  -6.656300e-05   2.166293e-03  -6.656279e-05   2.624184e+04  -2.627567e-04   2.166293e-03  -2.627568e-04   3.308813e+04
  23.70000   2.420846e+04  -8.817260e-06   2.327602e-03  -8.817367e-06   2.420846e+04  -1.357688e-03   2.327602e-03  -1.357688e-03   2.770431e+04
  23.80000   2.254590e+04  -6.584178e-05   1.906933e-03  -6.584177e-05   2.254590e+04  -1.148857e-03   1.906933e-03  -1.148857e-03   2.698904e+04
  23.90000   2.265272e+04  -7.721190e-06   1.622257e-03  -7.721173e-06   2.265272e+04  -1.267645e-03   1.622257e-03  -1.267645e-03   2.438221e+04
  24.00000   2.430607e+04  -1.805483e-04   9.358335e-04  -1.805484e-04   2.430607e+04  -6.324417e-04   9.358334e-04  -6.324418e-04   2.122479e+04
  24.10000   2.580533e+04  -1.946809e-05   2.447031e-04  -1.946822e-05   2.580533e+04  -1.344224e-04   2.447029e-04  -1.344224e-04   2.244181e+04
  24.20000   2.457586e+04  -2.408986e-05   2.463353e-04  -2.408958e-05   2.457585e+04   7.649039e-04   2.463352e-04   7.649041e-04   2.161252e+04
  24.30000   2.459762e+04  -3.453226e-05   2.506991e-04  -3.453215e-05   2.459762e+04   4.716230e-04   2.506991e-04   4.716232e-04   2.291809e+04
  24.40000   2.577828e+04   5.817238e-05   8.329479e-04   5.817206e-05   2.577828e+04   2.131801e-04   8.329480e-04   2.131800e-04   2.550113e+04
  24.50000   2.554340e+04  -2.835153e-05   9.308290e-04  -2.835128e-05   2.554340e+04  -4.130516e-04   9.308294e-04  -4.130518e-04   2.415154e+04
  24.60000   2.450128e+04   2.636892e-05   1.033536e-03   2.636907e-05   2.450128e+04   3.138143e-04   1.033536e-03   3.138142e-04   2.672847e+04
  24.70000   2.228646e+04   1.102956e-04   1.694814e-03   1.102957e-04   2.228646e+04   9.329572e-04   1.694814e-03   9.329572e-04   2.622868e+04
  24.80000   2.122256e+04  -1.425327e-04   1.757466e-03  -1.425329e-04   2.122256e+04   1.569484e-03   1.757466e-03   1.569484e-03   2.360882e+04
  24.90000   2.205580e+04  -9.179235e-05   2.524709e-03  -9.179218e-05   2.205580e+04   2.765970e-04   2.524708e-03   2.765971e-04   2.374201e+04
  25.00000   2.357658e+04   1.439163e-04   7.853606e-04   1.439165e-04   2.357658e+04   5.665267e-04   7.853605e-04   5.665269e-04   2.132570e+04
  25.10000   2.654236e+04   1.041393e-04   6.236153e-04   1.041393e-04   2.654236e+04   4.889699e-04   6.236153e-04   4.889697e-04   2.318174e+04
  25.20000   2.718571e+04   2.041917e-04   1.729358e-03   2.041920e-04   2.718572e+04   5.344274e-04   1.729358e-03   5.344275e-04   2.453859e+04
  25.30000   2.742543e+04  -2.417971e-05   2.743961e-03  -2.417998e-05   2.742543e+04  -1.573104e-04   2.743961e-03  -1.573105e-04   2.761337e+04
  25.40000   2.732574e+04  -6.739012e-05   3.062960e-03  -6.738986e-05   2.732574e+04   3.367336e-05   3.062960e-03   3.367339e-05   2.810765e+04
  25.50000   2.651797e+04   1.400864e-05   1.919983e-03   1.400876e-05   2.651797e+04   9.482509e-04   1.919983e-03   9.482511e-04   2.587941e+04
  25.60000   2.706348e+04  -2.672847e-04   2.112399e-03  -2.672847e-04   2.706348e+04   8.216017e-04   2.112399e-03   8.216017e-04   2.560681e+04
  25.70000   2.612829e+04   5.787744e-05   1.838020e-03   5.787732e-05   2.612829e+04   1.238037e-03   1.838020e-03   1.238037e-03   2.421942e+04
  25.80000   2.460790e+04   1.166197e-04   1.009948e-03   1.166199e-04   2.460790e+04   1.941694e-03   1.009948e-03   1.941694e-03   2.193809e+04
  25.90000   2.562694e+04   5.171484e-05   1.175809e-03   5.171439e-05   2.562694e+04   1.875407e-03   1.175809e-03   1.875407e-03   2.214584e+04
  26.00000   2.356598e+04   4.503797e-05   1.852799e-03   4.503804e-05   2.356598e+04   1.515705e-03   1.852799e-03   1.515705e-03   2.140825e+04
  26.10000   2.370891e+04  -4.024143e-05   1.158392e-03  -4.024142e-05   2.370891e+04   1.933285e-03   1.158392e-03   1.933285e-03   2.138874e+04
  26.20000   2.209463e+04   3.131200e-05   1.411962e-03   3.131209e-05   2.209463e+04   1.155840e-03   1.411962e-03   1.155840e-03   2.184424e+04
  26.30000   2.309379e+04  -1.687054e-05   1.230149e-03  -1.687048e-05   2.309379e+04   2.102568e-03   1.230148e-03   2.102568e-03   2.501929e+04
  26.40000   2.141587e+04   1.609535e-04   1.649056e-03   1.609535e-04   2.141587e+04   2.563758e-03   1.649056e-03   2.563758e-03   2.582562e+04
  26.50000   1.928807e+04   1.152099e-04   2.325265e-03   1.152098e-04   1.928807e+04   1.574072e-03   2.325265e-03   1.574072e-03   2.480050e+04
  26.60000   1.742159e+04   1.013430e-04   2.371632e-03   1.013431e-04   1.742159e+04   9.109164e-04   2.371632e-03   9.109162e-04   2.073536e+04
  26.70000   1.786258e+04   1.061516e-04   2.793939e-03   1.061514e-04   1.786258e+04   1.269768e-03   2.793939e-03   1.269767e-03   2.207943e+04
  26.80000   1.904664e+04   2.045244e-04   2.966018e-03   2.045246e-04   1.904664e+04   1.466297e-03   2.966018e-03   1.466297e-03   2.164140e+04
  26.90000   1.963361e+04   2.462869e-04   2.750495e-03   2.462869e-04   1.963361e+04   3.176292e-03   2.750495e-03   3.176292e-03   2.191483e+04
  27.00000   2.005898e+04   7.771528e-05   2.773131e-03   7.771501e-05   2.005898e+04   2.482992e-03   2.773131e-03   2.482992e-03   2.059899e+04
  27.10000   1.987428e+04  -7.969202e-05   2.835672e-03  -7.969173e-05   1.987428e+04   3.272758e-03   2.835672e-03   3.272758e-03   1.875782e+04
  27.20000   2.036012e+04  -3.608388e-05   3.408024e-03  -3.608390e-05   2.036012e+04   3.158734e-03   3.408024e-03   3.158734e-03   2.008643e+04
  27.30000   2.081179e+04   1.005642e-04   3.255652e-03   1.005643e-04   2.081179e+04   1.819688e-03   3.255652e-03   1.819688e-03   1.979805e+04
  27.40000   1.986742e+04  -2.250891e-05   3.164337e-03  -2.250887e-05   1.986742e+04   1.101637e-03   3.164337e-03   1.101637e-03   1.862262e+04
  27.50000   1.946995e+04   2.978199e-05   3.267222e-03   2.978191e-05   1.946995e+04   7.635951e-04   3.267223e-03   7.635952e-04   1.948785e+04
  27.60000   2.022308e+04   2.259490e-05   3.181196e-03   2.259471e-05   2.022308e+04  -1.117422e-04   3.181196e-03  -1.117424e-04   1.886634e+04
  27.70000   2.073392e+04   1.410825e-04   2.920405e-03   1.410828e-04   2.073392e+04  -2.763103e-04   2.920405e-03  -2.763103e-04   1.929894e+04
  27.80000   2.025832e+04   5.754958e-05   3.212039e-03   5.754943e-05   2.025832e+04   4.823107e-04   3.212039e-03   4.823106e-04   2.001693e+04
  27.90000   1.928719e+04  -4.391862e-05   3.185273e-03  -4.391864e-05   1.928719e+04   8.121134e-04   3.185273e-03   8.121135e-04   1.839089e+04
  28.00000   2.034348e+04  -5.448042e-06   3.045803e-03  -5.447879e-06   2.034348e+04   7.370111e-04   3.045802e-03   7.370112e-04   1.919279e+04
  28.10000   2.198570e+04   2.234037e-04   2.600818e-03   2.234036e-04   2.198571e+04   1.743523e-03   2.600818e-03   1.743523e-03   1.912773e+04
  28.20000   2.193266e+04   1.317791e-04   1.656871e-03   1.317790e-04   2.193266e+04   2.340525e-04   1.656871e-03   2.340525e-04   1.875432e+04
  28.30000   2.078128e+04   6.856929e-05   3.311253e-05   6.856943e-05   2.078128e+04  -6.858194e-04   3.311245e-05  -6.858196e-04   1.829168e+04
  28.40000   2.206153e+04   2.372428e-04  -1.075692e-04   2.372427e-04   2.206153e+04  -7.821587e-04  -1.075691e-04  -7.821585e-04   1.836315e+04
  28.50000   2.374676e+04  -6.855919e-05   1.224686e-03  -6.855901e-05   2.374676e+04   1.416614e-04   1.224686e-03   1.416614e-04   2.058361e+04
  28.60000   2.699705e+04   9.645997e-05   2.096435e-03   9.646040e-05   2.699705e+04   5.105074e-04   2.096436e-03   5.105077e-04   2.450807e+04
  28.70000   2.485136e+04   3.336236e-04   3.135055e-03   3.336233e-04   2.485136e+04   6.950684e-04   3.135055e-03   6.950686e-04   2.633170e+04
  28.80000   2.159099e+04   1.297164e-04   2.396337e-03   1.297163e-04   2.159099e+04  -1.680692e-04   2.396337e-03  -1.680694e-04   2.336790e+04
  28.90000   1.882421e+04   1.480100e-04   2.920881e-03   1.480095e-04   1.882421e+04  -6.426044e-04   2.920881e-03  -6.426043e-04   2.097200e+04
  29.00000   2.007331e+04   1.260145e-04   3.204576e-03   1.260147e-04   2.007331e+04  -7.118738e-04   3.204577e-03  -7.118734e-04   2.285883e+04
  29.10000   2.281925e+04   1.698112e-05   2.449262e-03   1.698126e-05   2.281925e+04  -1.662544e-04   2.449262e-03  -1.662547e-04   2.165828e+04
  29.20000   2.401517e+04   1.800066e-05   3.571248e-03   1.800071e-05   2.401517e+04   1.440684e-04   3.571247e-03   1.440684e-04   2.161530e+04
  29.30000   2.406214e+04  -1.704214e-04   2.813202e-03  -1.704209e-04   2.406214e+04   5.254557e-05   2.813202e-03   5.254552e-05   2.125569e+04
  29.40000   2.342947e+04   1.535616e-05   3.214916e-03   1.535597e-05   2.342947e+04   2.183463e-04   3.214916e-03   2.183462e-04   2.068907e+04
  29.50000   2.535137e+04   3.442950e-05   3.726731e-03   3.442964e-05   2.535137e+04   5.234485e-04   3.726731e-03   5.234484e-04   2.277046e+04
  29.60000   2.846006e+04  -2.032532e-05   3.918027e-03  -2.032544e-05   2.846007e+04   3.456003e-04   3.918027e-03   3.456003e-04   2.484189e+04
  29.70000   2.841876e+04  -6.309979e-05   4.493895e-03  -6.309992e-05   2.841876e+04  -2.160011e-05   4.493895e-03  -2.160009e-05   2.554682e+04
  29.80000   2.639074e+04   1.642383e-04   3.942706e-03   1.642382e-04   2.639075e+04  -1.825891e-03   3.942706e-03  -1.825891e-03   2.367599e+04
  29.90000   2.345510e+04   3.818503e-05   3.169549e-03   3.818516e-05   2.345510e+04  -1.732582e-03   3.169549e-03  -1.732582e-03   2.189519e+04
  30.00000   2.345709e+04  -2.745252e-05   2.212938e-03  -2.745277e-05   2.345709e+04  -2.019921e-03   2.212938e-03  -2.019921e-03   2.114743e+04
