5    
3    

1    
  0.0105835442180597   0.0000000000000000   0.0000000000000000
  -0.5328929154    0.0000000000    0.0000000000
   0.1339886397    0.0930022032    0.0930022032
   0.1339886397   -0.0930022032   -0.0930022032
   0.1324578180   -0.0890756377    0.0890756377
   0.1324578180    0.0890756377   -0.0890756377

2    
  0.0105835442180597   0.0000000000000000   0.0000000000000000
   0.1325715521    0.0890674549    0.0890674549
  -0.1417794438   -0.0974602745   -0.0974602745
  -0.0117744516   -0.0112594298   -0.0112594298
   0.0104911716    0.0113261577    0.0083260916
   0.0104911716    0.0083260916    0.0113261577

2    
 -0.0105835442180597   0.0000000000000000   0.0000000000000000
  -0.1338812723   -0.0930045360   -0.0930045360
   0.1431063025    0.1014550771    0.1014550771
   0.0119322217    0.0114836912    0.0114836912
  -0.0105786259   -0.0114186536   -0.0085155787
  -0.0105786259   -0.0085155787   -0.0114186536
