   5    5
1 1
    50.351323820868117     0.000000000000000     0.000000000000000
     0.000000000000000    50.351323820868117    -0.000000000000000
    -0.000000000000001    -0.000000000000000    50.351323820868117
1 2
   -12.587830955217033    -8.601781465102633    -8.601781465102633
    -8.601781465102633   -12.587830955217031    -8.601781465102633
    -8.601781465102633    -8.601781465102633   -12.587830955217031
1 3
   -12.587830955217033     8.601781465102631     8.601781465102631
     8.601781465102633   -12.587830955217035    -8.601781465102633
     8.601781465102633    -8.601781465102633   -12.587830955217035
1 4
   -12.587830955217035     8.601781465102633    -8.601781465102633
     8.601781465102631   -12.587830955217033     8.601781465102635
    -8.601781465102631     8.601781465102635   -12.587830955217036
1 5
   -12.587830955217035    -8.601781465102633     8.601781465102633
    -8.601781465102633   -12.587830955217035     8.601781465102633
     8.601781465102633     8.601781465102633   -12.587830955217033
2 1
   -12.587830955217033    -8.601781465102631    -8.601781465102631
    -8.601781465102631   -12.587830955217035    -8.601781465102631
    -8.601781465102631    -8.601781465102631   -12.587830955217035
2 2
    13.458840774051618     9.397411743250021     9.397411743250021
     9.397411743250021    13.458840774051618     9.397411743250021
     9.397411743250021     9.397411743250021    13.458840774051618
2 3
     1.119917837710229     1.074496675281511     1.074496675281511
    -1.074496675281512    -0.995463828272407    -0.795630278147388
    -1.074496675281512    -0.795630278147388    -0.995463828272407
2 4
    -0.995463828272407    -1.074496675281512    -0.795630278147388
     1.074496675281511     1.119917837710229     1.074496675281511
    -0.795630278147388    -1.074496675281512    -0.995463828272407
2 5
    -0.995463828272407    -0.795630278147388    -1.074496675281512
    -0.795630278147388    -0.995463828272407    -1.074496675281512
     1.074496675281511     1.074496675281511     1.119917837710229
3 1
   -12.587830955217033     8.601781465102631     8.601781465102631
     8.601781465102631   -12.587830955217035    -8.601781465102633
     8.601781465102631    -8.601781465102633   -12.587830955217035
3 2
     1.119917837710229    -1.074496675281511    -1.074496675281511
     1.074496675281511    -0.995463828272407    -0.795630278147388
     1.074496675281511    -0.795630278147388    -0.995463828272407
3 3
    13.458840774051620    -9.397411743250021    -9.397411743250021
    -9.397411743250020    13.458840774051618     9.397411743250021
    -9.397411743250020     9.397411743250021    13.458840774051618
3 4
    -0.995463828272407     0.795630278147388     1.074496675281512
     0.795630278147387    -0.995463828272407    -1.074496675281512
    -1.074496675281512     1.074496675281511     1.119917837710229
3 5
    -0.995463828272407     1.074496675281512     0.795630278147388
    -1.074496675281512     1.119917837710230     1.074496675281511
     0.795630278147387    -1.074496675281512    -0.995463828272407
4 1
   -12.587830955217035     8.601781465102633    -8.601781465102633
     8.601781465102633   -12.587830955217033     8.601781465102633
    -8.601781465102633     8.601781465102633   -12.587830955217036
4 2
    -0.995463828272407     1.074496675281511    -0.795630278147387
    -1.074496675281512     1.119917837710230    -1.074496675281511
    -0.795630278147388     1.074496675281512    -0.995463828272407
4 3
    -0.995463828272407     0.795630278147387    -1.074496675281511
     0.795630278147388    -0.995463828272406     1.074496675281512
     1.074496675281512    -1.074496675281511     1.119917837710230
4 4
    13.458840774051618    -9.397411743250020     9.397411743250020
    -9.397411743250021    13.458840774051618    -9.397411743250021
     9.397411743250021    -9.397411743250021    13.458840774051620
4 5
     1.119917837710230    -1.074496675281512     1.074496675281512
     1.074496675281512    -0.995463828272406     0.795630278147388
    -1.074496675281512     0.795630278147388    -0.995463828272406
5 1
   -12.587830955217035    -8.601781465102633     8.601781465102633
    -8.601781465102633   -12.587830955217035     8.601781465102633
     8.601781465102633     8.601781465102633   -12.587830955217031
5 2
    -0.995463828272407    -0.795630278147387     1.074496675281512
    -0.795630278147387    -0.995463828272407     1.074496675281512
    -1.074496675281511    -1.074496675281511     1.119917837710229
5 3
    -0.995463828272407    -1.074496675281512     0.795630278147387
     1.074496675281511     1.119917837710229    -1.074496675281511
     0.795630278147387     1.074496675281512    -0.995463828272406
5 4
     1.119917837710229     1.074496675281511    -1.074496675281511
    -1.074496675281512    -0.995463828272407     0.795630278147387
     1.074496675281512     0.795630278147387    -0.995463828272406
5 5
    13.458840774051620     9.397411743250020    -9.397411743250020
     9.397411743250021    13.458840774051620    -9.397411743250021
    -9.397411743250021    -9.397411743250021    13.458840774051616