   4    4
1 1
    15.008571667740185    -0.000046947354539    -0.000000491265879
    -0.000046947354539    15.008071935528555    -0.000747821480520
    -0.000000491265879    -0.000747821480520    20.309032938413758
1 2
    -0.646440699694222    -0.000037857279825    -0.000000049678572
    -0.000038676424280    -0.646780264877715    -0.000140418139802
    -0.000098965235330    -0.000043739222754    -8.247824130578023
1 3
    -1.485119573302380    -0.000000970212638     0.000000792075236
    -0.000063160842764    -1.485263762805582     0.000048844639553
     0.000029354499107    -0.000064898477695    -5.950980780605164
1 4
   -12.877959364511277    -0.000045065581801    -0.000000208357140
     0.000147688630750   -12.877674587220479     0.000881921697853
     0.000082881607525     0.000910203396265    -6.107457074950933
2 1
    -0.646440699694222    -0.000038676424280    -0.000098965235330
    -0.000037857279825    -0.646780264877715    -0.000043739222754
    -0.000000049678572    -0.000140418139802    -8.247824130578023
2 2
    15.008072951179361    -0.000058066522928    -0.000054155163357
    -0.000058066522928    15.007987915815630     0.000918786422280
    -0.000054155163357     0.000918786422280    20.309116586089377
2 3
   -12.877645095937297    -0.000010142698353    -0.000070404832046
     0.000168274634323   -12.877526447679431    -0.000781317009295
    -0.000135805911697    -0.000776773710275    -6.107381576502535
2 4
    -1.485039459186644    -0.000008347804972     0.000223349311425
    -0.000078157785335    -1.485250469301922    -0.000010592018141
     0.000170923632929    -0.000030659514632    -5.951111422917959
3 1
    -1.485119573302380    -0.000063160842764     0.000029354499107
    -0.000000970212638    -1.485263762805582    -0.000064898477695
     0.000000792075236     0.000048844639553    -5.950980780605164
3 2
   -12.877645095937297     0.000168274634323    -0.000135805911697
    -0.000010142698353   -12.877526447679431    -0.000776773710275
    -0.000070404832046    -0.000781317009295    -6.107381576502535
3 3
    15.069536147055112     0.000030155409754     0.000150688253607
     0.000030155409754    15.070207102200989     0.000777987115063
     0.000150688253607     0.000777987115063    18.920578350263884
3 4
    -0.705597883285033    -0.000089370897977    -0.000043312561216
    -0.000019186056499    -0.705885027360021     0.000002214150320
    -0.000055818357202    -0.000045073569776    -6.864907160165001
4 1
   -12.877959364511277     0.000147688630750     0.000082881607525
    -0.000045065581801   -12.877674587220479     0.000910203396265
    -0.000000208357140     0.000881921697853    -6.107457074950933
4 2
    -1.485039459186644    -0.000078157785335     0.000170923632929
    -0.000008347804972    -1.485250469301922    -0.000030659514632
     0.000223349311425    -0.000010592018141    -5.951111422917959
4 3
    -0.705597883285033    -0.000019186056499    -0.000055818357202
    -0.000089370897977    -0.705885027360021    -0.000045073569776
    -0.000043312561216     0.000002214150320    -6.864907160165001
4 4
    15.069423384074335     0.000149830664207    -0.000198779713133
     0.000149830664207    15.070494165501026    -0.000898663176919
    -0.000198779713133    -0.000898663176919    18.920596415209861