# Z-direction plane-averaged electrostatic potential
# iz   z(Angstrom)   V_avg(eV)
     0        0.00000000        3.37429636
     1        0.07912258        3.37432120
     2        0.15824516        3.37429734
     3        0.23736775        3.37432065
     4        0.31649033        3.37429930
     5        0.39561291        3.37431917
     6        0.47473549        3.37430211
     7        0.55385808        3.37431692
     8        0.63298066        3.37430560
     9        0.71210324        3.37431412
    10        0.79122582        3.37430952
    11        0.87034840        3.37431102
    12        0.94947099        3.37431358
    13        1.02859357        3.37430793
    14        1.10771615        3.37431750
    15        1.18683873        3.37430512
    16        1.26596132        3.37432098
    17        1.34508390        3.37430288
    18        1.42420648        3.37432378
    19        1.50332906        3.37430143
    20        1.58245165        3.37432570
    21        1.66157423        3.37430093
    22        1.74069681        3.37432661
    23        1.81981939        3.37430148
    24        1.89894197        3.37432646
    25        1.97806456        3.37430309
    26        2.05718714        3.37432526
    27        2.13630972        3.37430554
    28        2.21543230        3.37432299
    29        2.29455489        3.37430873
    30        2.37367747        3.37432000
    31        2.45280005        3.37431250
    32        2.53192263        3.37431656
    33        2.61104521        3.37431658
    34        2.69016780        3.37431295
    35        2.76929038        3.37432064
    36        2.84841296        3.37430950
    37        2.92753554        3.37432438
    38        3.00665813        3.37430651
    39        3.08578071        3.37432750
    40        3.16490329        3.37430427
    41        3.24402587        3.37432974
    42        3.32314846        3.37430300
    43        3.40227104        3.37433093
    44        3.48139362        3.37430285
    45        3.56051620        3.37433094
    46        3.63963878        3.37430390
    47        3.71876137        3.37432979
    48        3.79788395        3.37430613
    49        3.87700653        3.37432756
    50        3.95612911        3.37430941
    51        4.03525170        3.37432443
    52        4.11437428        3.37431353
    53        4.19349686        3.37432066
    54        4.27261944        3.37431821
    55        4.35174202        3.37431657
    56        4.43086461        3.37432311
    57        4.50998719        3.37431253
    58        4.58910977        3.37432787
    59        4.66823235        3.37430894
    60        4.74735494        3.37433212
    61        4.82647752        3.37430617
    62        4.90560010        3.37433542
    63        4.98472268        3.37430400
    64        5.06384527        3.37433629
    65        5.14296785        3.37430057
    66        5.22209043        3.37433091
    67        5.30121301        3.37429022
    68        5.38033559        3.37431080
    69        5.45945818        3.37426186
    70        5.53858076        3.37426194
    71        5.61770334        3.37419811
    72        5.69682592        3.37416344
    73        5.77594851        3.37407355
    74        5.85507109        3.37398577
    75        5.93419367        3.37385275
    76        6.01331625        3.37368767
    77        6.09243883        3.37348586
    78        6.17156142        3.37321085
    79        6.25068400        3.37290212
    80        6.32980658        3.37247095
    81        6.40892916        3.37199786
    82        6.48805175        3.37134264
    83        6.56717433        3.37061817
    84        6.64629691        3.36963591
    85        6.72541949        3.36852654
    86        6.80454208        3.36705828
    87        6.88366466        3.36535812
    88        6.96278724        3.36315498
    89        7.04190982        3.36054246
    90        7.12103240        3.35721104
    91        7.20015499        3.35318148
    92        7.27927757        3.34809786
    93        7.35840015        3.34185543
    94        7.43752273        3.33402988
    95        7.51664532        3.32432029
    96        7.59576790        3.31218809
    97        7.67489048        3.29704312
    98        7.75401306        3.27815365
    99        7.83313564        3.25450337
   100        7.91225823        3.22502202
   101        7.99138081        3.18806391
   102        8.07050339        3.14199041
   103        8.14962597        3.08421765
   104        8.22874856        3.01216483
   105        8.30787114        2.92201824
   106        8.38699372        2.80967463
   107        8.46611630        2.66907319
   108        8.54523889        2.49409851
   109        8.62436147        2.27632288
   110        8.70348405        2.00603672
   111        8.78260663        1.66958026
   112        8.86172921        1.25204013
   113        8.94085180        0.73448336
   114        9.01997438        0.09124156
   115        9.09909696       -0.71543162
   116        9.17821954       -1.71643803
   117        9.25734213       -2.92075136
   118        9.33646471       -4.32362379
   119        9.41558729       -5.87156883
   120        9.49470987       -7.50254236
   121        9.57383245       -9.15725534
   122        9.65295504      -10.76861772
   123        9.73207762      -12.27221443
   124        9.81120020      -13.57190454
   125        9.89032278      -14.56318487
   126        9.96944537      -15.16133971
   127       10.04856795      -15.32218568
   128       10.12769053      -15.03451577
   129       10.20681311      -14.31695512
   130       10.28593570      -13.22000264
   131       10.36505828      -11.83104263
   132       10.44418086      -10.26331188
   133       10.52330344       -8.62086013
   134       10.60242602       -6.97133651
   135       10.68154861       -5.35868213
   136       10.76067119       -3.85523868
   137       10.83979377       -2.52828400
   138       10.91891635       -1.43660751
   139       10.99803894       -0.58683653
   140       11.07716152        0.06596450
   141       11.15628410        0.55155413
   142       11.23540668        0.88822233
   143       11.31452926        1.08514652
   144       11.39365185        1.15017083
   145       11.47277443        1.08514453
   146       11.55189701        0.88821834
   147       11.63101959        0.55154811
   148       11.71014218        0.06595639
   149       11.78926476       -0.58684677
   150       11.86838734       -1.43661995
   151       11.94750992       -2.52829871
   152       12.02663251       -3.85525573
   153       12.10575509       -5.35870154
   154       12.18487767       -6.97135827
   155       12.26400025       -8.62088418
   156       12.34312283      -10.26333811
   157       12.42224542      -11.83107089
   158       12.50136800      -13.22003270
   159       12.58049058      -14.31698675
   160       12.65961316      -15.03454870
   161       12.73873575      -15.32221963
   162       12.81785833      -15.16137441
   163       12.89698091      -14.56322003
   164       12.97610349      -13.57193989
   165       13.05522607      -12.27224974
   166       13.13434866      -10.76865283
   167       13.21347124       -9.15729019
   168       13.29259382       -7.50257698
   169       13.37171640       -5.87160331
   170       13.45083899       -4.32365826
   171       13.52996157       -2.92078596
   172       13.60908415       -1.71647291
   173       13.68820673       -0.71546690
   174       13.76732932        0.09120577
   175       13.84645190        0.73444700
   176       13.92557448        1.25200314
   177       14.00469706        1.66954263
   178       14.08381964        2.00599843
   179       14.16294223        2.27628394
   180       14.24206481        2.49405896
   181       14.32118739        2.66903307
   182       14.40030997        2.80963399
   183       14.47943256        2.92197713
   184       14.55855514        3.01212333
   185       14.63767772        3.08417582
   186       14.71680030        3.14194832
   187       14.79592288        3.18802162
   188       14.87504547        3.22497960
   189       14.95416805        3.25446088
   190       15.03329063        3.27811114
   191       15.11241321        3.29700065
   192       15.19153580        3.31214570
   193       15.27065838        3.32427804
   194       15.34978096        3.33398781
   195       15.42890354        3.34181357
   196       15.50802613        3.34805624
   197       15.58714871        3.35314013
   198       15.66627129        3.35717000
   199       15.74539387        3.36050175
   200       15.82451645        3.36311461
   201       15.90363904        3.36531812
   202       15.98276162        3.36701867
   203       16.06188420        3.36848732
   204       16.14100678        3.36959710
   205       16.22012937        3.37057977
   206       16.29925195        3.37130467
   207       16.37837453        3.37196032
   208       16.45749711        3.37243386
   209       16.53661969        3.37286546
   210       16.61574228        3.37317465
   211       16.69486486        3.37345011
   212       16.77398744        3.37365237
   213       16.85311002        3.37381791
   214       16.93223261        3.37395139
   215       17.01135519        3.37403964
   216       17.09047777        3.37412998
   217       17.16960035        3.37416511
   218       17.24872293        3.37422941
   219       17.32784552        3.37422979
   220       17.40696810        3.37427919
   221       17.48609068        3.37425908
   222       17.56521326        3.37430023
   223       17.64433585        3.37427036
   224       17.72345843        3.37430654
   225       17.80258101        3.37427471
   226       17.88170359        3.37430660
   227       17.96082618        3.37427781
   228       18.03994876        3.37430423
   229       18.11907134        3.37428152
   230       18.19819392        3.37430091
   231       18.27731650        3.37428604
   232       18.35643909        3.37429709
   233       18.43556167        3.37429100
   234       18.51468425        3.37429312
   235       18.59380683        3.37429602
   236       18.67292942        3.37428937
   237       18.75205200        3.37430072
   238       18.83117458        3.37428617
   239       18.91029716        3.37430479
   240       18.98941974        3.37428382
   241       19.06854233        3.37430794
   242       19.14766491        3.37428252
   243       19.22678749        3.37431003
   244       19.30591007        3.37428240
   245       19.38503266        3.37431094
   246       19.46415524        3.37428348
   247       19.54327782        3.37431069
   248       19.62240040        3.37428568
   249       19.70152299        3.37430937
   250       19.78064557        3.37428885
   251       19.85976815        3.37430718
   252       19.93889073        3.37429276
   253       20.01801331        3.37430437
   254       20.09713590        3.37429715
   255       20.17625848        3.37430124
   256       20.25538106        3.37430168
   257       20.33450364        3.37429809
   258       20.41362623        3.37430606
   259       20.49274881        3.37429525
   260       20.57187139        3.37430998
   261       20.65099397        3.37429299
   262       20.73011655        3.37431318
   263       20.80923914        3.37429147
   264       20.88836172        3.37431530
   265       20.96748430        3.37429079
   266       21.04660688        3.37431638
   267       21.12572947        3.37429117
   268       21.20485205        3.37431640
   269       21.28397463        3.37429260
   270       21.36309721        3.37431541
   271       21.44221980        3.37429498
   272       21.52134238        3.37431354
   273       21.60046496        3.37429815
   274       21.67958754        3.37431099
   275       21.75871012        3.37430188
   276       21.83783271        3.37430800
   277       21.91695529        3.37430591
   278       21.99607787        3.37430487
   279       22.07520045        3.37430993
   280       22.15432304        3.37430188
   281       22.23344562        3.37431367
   282       22.31256820        3.37429933
   283       22.39169078        3.37431685
   284       22.47081336        3.37429744
   285       22.54993595        3.37431926
   286       22.62905853        3.37429641
   287       22.70818111        3.37432074
