nep4_charge1 3 Ba O Ti 
cutoff 6 4 86 26
n_max 8 6
basis_size 8 6
l_max 4 0 0 
ANN 40 0
 -2.0275502e-01
  7.0672967e-02
 -1.8634494e-02
  2.5321978e-01
  2.8589988e-01
  1.2435954e+00
  6.2610394e-01
 -9.7058780e-02
  2.7265739e-01
 -6.0882866e-02
 -2.2228280e-01
  1.0862155e-01
  3.0114552e-01
 -1.8239145e-01
 -8.9402258e-02
  1.2342257e-01
 -7.9989694e-02
 -1.8579081e-01
 -2.5780588e-01
  6.8256611e-01
  4.5241743e-01
 -8.7666720e-02
 -2.3844196e-02
  1.6667032e-01
 -7.1102860e-03
 -2.2556382e-01
  1.7315899e-01
  6.4203128e-02
  3.6295626e-02
 -1.2263048e-01
  2.1646168e+00
 -8.2636572e-02
  1.5593098e-01
 -8.1336543e-02
  4.2009611e-02
 -1.8734428e-01
  9.2283878e-03
  2.3684035e-01
 -3.2692831e-02
 -8.1594735e-01
  1.5941803e-01
 -1.0626947e+00
  8.5323982e-02
  7.2801732e-02
  1.3737997e-01
 -2.9144108e-02
 -4.0200699e-02
 -4.4177890e-02
  2.2465502e-01
  7.2209410e-02
  1.1279740e-01
 -9.6373238e-02
  2.8208045e-02
  8.6211734e-02
 -7.6204255e-02
 -7.9053447e-02
  2.0277379e-03
  4.9875416e-02
 -4.0734831e-02
  2.7794020e-02
  1.6201934e-01
  7.4291848e-02
  2.2038749e-01
 -1.8335817e-02
 -2.5075659e-01
  9.5471025e-02
  1.6334061e-01
  6.2742792e-02
  2.0837790e-01
  3.5972193e-02
 -6.4637795e-02
  9.0717959e-01
  2.1152058e-01
  9.0460546e-02
 -4.9384454e-01
 -4.2140076e-01
 -1.2887402e-01
 -2.0803910e-02
 -3.7587491e-01
  7.1252167e-01
 -7.5733304e-02
  4.7787568e-01
  5.9842099e-02
  6.9906019e-02
  2.1167029e-02
 -6.2295660e-02
  1.0254626e-01
 -1.0282657e-01
  1.5618785e-01
  1.3050009e-01
 -2.9724207e-02
  2.9242638e-01
  2.0684916e-01
 -5.4111678e-02
 -8.9361317e-02
 -3.4318350e-02
  1.3244194e-02
 -2.5950953e-01
 -2.6454857e-02
  3.0911845e-01
  3.9604184e-01
 -6.0221422e-02
  2.0289211e-01
  3.9029881e-02
  3.3277001e-02
  2.1814016e-01
  6.4898729e-02
  4.3083750e-02
  2.5948280e-01
 -1.4825696e-01
  1.7907862e-01
 -7.8911791e-03
  2.8639418e-01
  2.7763485e-03
 -2.7187252e-01
 -7.0992935e-01
 -3.6118034e-01
 -2.7982354e-01
  9.6761726e-02
 -4.3315843e-01
 -3.0870216e-02
 -1.6676682e-01
 -2.0975080e-01
  2.5987315e-01
 -1.3180547e+00
 -1.4344594e+00
  1.8859292e+00
 -5.7853624e-02
  2.8521296e-01
 -4.9381450e-01
 -1.1285227e-01
 -1.3703504e-01
  1.7425708e-01
  2.3501733e-01
  2.2457813e-01
 -2.3652920e-01
 -1.5701514e-01
  1.8580222e-01
  1.0884972e+00
  8.2017586e-02
 -2.3685405e-01
  1.9577973e-02
  1.4797860e-01
 -1.3456009e-02
  1.7423856e-01
  6.6600062e-02
 -7.7623349e-01
 -2.9463903e-03
  4.8686987e-01
 -2.8901356e-01
 -2.5425532e-01
  8.1487492e-02
  3.4294650e-02
  3.2491148e-01
  3.3863184e-01
 -2.0335728e-01
 -7.2241914e-01
 -8.6919352e-02
 -2.0562406e-01
 -3.1151475e-02
  1.9134313e-01
  3.1181432e-02
 -1.1136943e-01
 -1.1014906e-01
  1.7388204e-02
  5.2403969e-01
 -2.2581335e-02
  9.4258897e-02
  1.0704315e-01
  1.2990975e-01
 -9.1645025e-02
  1.5078683e-01
 -1.3527378e-01
  7.1690865e-02
  2.3614912e-01
  3.3877944e-03
  1.0549448e-01
 -5.8548212e-02
  3.1252155e-01
 -7.2927731e-01
  1.8752888e-01
 -2.1345703e-02
  1.4364915e-02
  9.9032007e-02
 -1.0550953e-01
 -1.1250073e-01
  8.3051014e-01
  3.9132357e-02
  2.7455100e-01
 -9.0623802e-01
 -8.7305963e-02
 -1.2910266e-01
 -7.5662129e-02
  1.4025262e-03
  4.8407309e-02
 -1.6520679e-01
  1.6423541e-01
  8.0041718e-01
  6.4489770e-01
 -2.4054690e-01
  4.8471075e-01
 -2.9736823e-01
  2.0163104e-01
 -1.5253901e-01
  7.1592890e-02
  1.6652413e-01
 -1.3704955e-02
 -6.7782752e-02
  1.5679752e-02
  3.8478163e-01
 -5.5249864e-01
 -2.0842332e-01
  4.3961230e-01
  7.3389225e-02
  6.4160652e-02
  1.0405937e-01
 -6.4667088e-01
  2.2196910e-01
  8.7233312e-02
 -1.1138672e-01
  1.6420150e-01
 -3.5402879e-01
 -2.5869522e-02
  1.9960675e-01
  2.0010345e-01
  2.3786671e-01
  7.3542915e-02
  9.8532516e-01
 -5.6613363e-02
 -1.0212915e-01
 -1.1865227e-01
 -2.5096873e-02
 -1.0433356e-01
  8.5689664e-02
 -1.4097172e+00
 -4.1875258e-02
 -1.8557930e-01
  2.7710158e-01
 -1.3306777e-01
 -7.7389227e-03
 -1.1136602e-01
 -1.6497916e-02
  2.9500225e-01
  8.2891518e-03
 -3.6972490e-04
 -2.4612123e-01
 -2.1233870e-01
  6.1239058e-01
 -2.2022270e-02
  1.7117701e-01
 -1.2573463e-01
 -2.4868492e-02
 -1.5143421e-01
 -6.8062916e-02
 -9.8740943e-02
 -1.9488350e-01
  2.7901001e-02
 -2.9206441e-03
  4.2694935e-01
  1.7423083e-03
  3.3353735e-02
  2.4732674e-02
 -2.5575748e-01
 -1.1728103e-01
 -8.0932510e-01
 -1.0771345e-01
 -3.9482331e-01
  2.3398293e-02
  8.2241714e-01
  6.4499193e-01
  2.3220114e-01
 -2.5573963e-02
 -6.6007204e-02
 -5.8543891e-02
 -6.4290076e-02
  2.8280506e-03
 -1.2427014e-01
  2.4775751e-02
 -1.5316504e-01
  1.4404877e-01
 -2.6994381e-02
  1.1129651e-02
 -9.6540976e-01
  1.0255659e-01
  2.2753283e-01
  1.4341898e-01
 -2.3773070e-02
 -2.3756377e-01
  5.0057124e-02
  1.5789886e-01
 -3.3357270e-02
  4.3068542e-03
  8.3793707e-02
  1.1180314e-01
 -1.0845554e-02
 -2.6234493e-01
 -5.6596577e-02
  5.4218870e-01
  4.3543589e-01
  3.3072385e-01
  4.4582304e-01
 -5.1926011e-01
 -2.0086050e-01
  1.5962139e-01
 -5.0411455e-02
  4.2027291e-02
  2.2793973e-02
  4.2885240e-02
 -3.9239172e-03
 -7.4231720e-01
  4.2962131e-01
  7.0316546e-02
 -1.0253125e-01
 -5.1856977e-01
 -3.6763446e-03
  1.0766230e-01
 -1.0761334e+00
  1.2761323e-01
  1.2513594e-01
  9.7026616e-02
 -2.8710440e-02
 -1.8954916e-01
  9.5070586e-02
 -4.0065445e-02
  4.7012243e-01
 -1.5630743e-01
 -3.5891965e-02
  2.4942893e-01
 -2.4588315e-02
  3.4592372e-01
  1.6664942e-01
 -1.4864622e+00
 -3.1465467e-02
 -2.4650550e-01
 -1.1572343e-02
 -4.2931041e-01
 -5.4354787e-01
 -4.1911103e-02
  3.5998753e-01
  8.2857996e-01
 -1.8380885e+00
  8.1545591e-01
 -2.4965182e-01
 -4.3866402e-01
 -2.9106876e-01
 -4.8821796e-02
 -2.7919221e-01
 -2.3766316e-02
 -4.2437246e-01
  2.8577764e+00
 -4.0056333e-01
  4.6084631e-02
  9.6843973e-02
 -7.6060694e-01
 -7.6759212e-02
 -2.1286277e-01
  4.1426736e-01
  1.8420185e-01
  2.2127839e-02
  7.6185834e-01
  5.3283300e-02
 -1.9114976e+00
  1.8961985e-01
 -9.6483722e-02
  1.2546828e-01
 -3.9574876e-02
  7.4641958e-02
  2.2368731e-02
 -1.1169631e-01
  7.9575196e-02
 -3.6898562e-01
  2.8624123e-02
  8.8602525e-01
 -2.8680755e-02
 -2.2681911e-01
  2.5311401e-01
  4.0154791e-01
 -6.4733940e-01
 -2.4889766e-01
  1.9489704e-01
  6.5730147e-02
 -8.5865545e-01
  2.9026064e-01
  1.2658815e-01
  4.4980809e-01
  7.1563089e-01
 -1.0074354e-03
  3.5760753e-02
 -4.6415767e-01
  3.3547407e-01
 -1.5433619e-02
  4.9872091e-01
  4.0675700e-01
 -6.2096160e-02
  5.7717258e-01
 -1.7731929e-01
  2.6925163e-02
  4.0433735e-02
  4.5166746e-01
  5.0686091e-01
 -3.2047894e-02
  7.1207516e-02
  3.9219663e-01
 -1.6598729e-02
 -2.9964235e-01
 -2.2990094e-01
 -3.3048421e-01
 -1.3570620e-01
  4.9842420e-01
 -1.5881146e-01
  1.5435014e-02
 -1.1866698e-01
 -7.9436922e-01
 -8.3390214e-02
  1.7948955e-01
  5.2428228e-01
  1.5232146e-02
  4.6242695e-02
  2.1081002e-01
 -8.8891989e-01
  1.7006990e-02
 -1.6064957e-01
  2.1570291e-01
  1.7680619e-02
  7.9186410e-02
 -1.2980311e-01
  1.5325570e-01
 -2.4058644e-02
  3.1949237e-01
 -6.7073315e-01
  2.3000123e-01
 -1.8846737e-03
 -1.8122220e-01
 -1.1409650e-02
 -1.5653316e+00
  1.4898306e-01
 -3.2543655e-02
 -2.9534143e-01
 -1.8336616e-01
 -5.0459337e-01
 -1.1964902e-01
 -1.3449004e-01
  4.8533700e-02
 -7.7059932e-02
 -1.7982763e-01
 -1.0831311e+00
  2.5584519e-01
 -9.2915189e-01
  7.2984017e-02
 -1.2781550e+00
 -6.1786514e-02
  4.2573527e-01
  8.3551966e-02
  1.4850400e-01
 -1.1395537e+00
  1.9110993e-02
  3.3444336e-01
  1.8576933e-01
  1.5473146e+00
 -2.1844881e+00
 -1.9756429e-01
 -4.3704122e-02
 -8.3071664e-02
  4.4567592e-02
  5.2363318e-01
  5.1783890e-01
  2.4015468e-01
 -8.8452441e-01
  5.2147396e-02
  1.1961459e+00
 -1.0465182e-01
  2.4479527e-02
  6.8940914e-01
  1.4011759e+00
  9.9356314e-03
 -1.2196169e-02
  3.8250607e-02
 -1.1571613e-01
 -7.8038514e-02
 -2.0066619e-01
 -4.0145350e-01
  1.2244574e-01
 -4.9999553e-01
 -2.1356760e-01
 -6.1724156e-01
  4.7321126e-02
 -5.2270936e-03
  2.4935248e-01
 -7.8412479e-01
 -1.8631969e-01
 -1.1053484e-01
 -2.6137984e-01
  1.4357980e-01
  8.0770537e-02
 -6.3160837e-01
 -5.1709783e-01
 -4.3911201e-01
  2.1496880e-01
  1.2791784e-01
 -8.0966525e-02
 -2.9978424e-01
 -3.3203252e-02
 -6.4788237e-02
  2.8958911e-01
  1.0898229e-01
  1.2585680e-01
 -2.2273190e-02
  1.0886950e-02
  9.6265721e-01
  5.3183162e-03
 -2.1454323e-02
  1.3621215e-02
  2.8725579e-02
  2.0052153e-03
  3.2795168e-02
 -2.5033364e-02
 -1.2756367e-01
 -4.4261399e-01
  4.0413716e-01
 -4.2366651e-01
  1.1213356e-01
 -2.4838032e-02
  3.8016021e-01
  1.2724479e-02
 -3.9907646e-01
 -2.5666815e-01
  6.3375505e-03
 -4.6820045e-01
  1.7715798e-01
  1.0514567e-01
  2.1306340e-01
  7.9505831e-02
 -1.4127997e-01
 -1.3970134e-01
 -4.3465517e-02
 -2.2948029e-02
  4.7127767e-03
 -3.7041587e-01
 -6.8210013e-02
 -2.3439263e-01
  1.1941776e-01
 -2.2046533e-01
 -7.0409082e-02
 -1.0246016e-01
 -1.6799660e-01
  1.1111872e-01
 -3.0898741e-01
  3.5549406e-02
  2.4937667e-01
  2.0472212e-01
 -3.1062001e-02
 -9.3409158e-03
 -1.5064850e-01
 -1.1974596e-01
  1.8130049e-02
 -7.2106756e-02
  1.0305589e+00
  4.8339300e-02
 -3.0152298e-05
 -7.8834675e-02
 -1.9062315e-01
  3.1963245e-03
 -6.4213566e-02
 -1.7399773e-02
 -8.1821801e-03
 -2.7625102e-01
  1.0831454e-02
  5.8669341e-01
  9.8873504e-02
 -2.0115772e-01
 -8.4014476e-04
  2.8416914e-01
 -5.6632012e-02
 -4.3274298e-02
 -1.4454697e-01
  1.5808919e-01
 -2.8148922e-01
  9.3156822e-02
  1.3110240e-02
  2.7490655e-02
  1.9417593e-03
  3.8002416e-02
  3.3620530e-01
 -8.6753443e-02
  1.9770502e-01
  7.6186068e-02
  1.3566487e-01
 -4.0702816e-02
  1.0817651e-01
 -5.6089167e-02
 -2.3855093e-01
 -1.2822212e-01
  2.0217173e+00
  4.5749700e-01
 -1.3530599e+00
 -6.4999807e-01
  1.5993212e+00
  2.9000685e-02
  6.3636327e-01
  5.0985593e-01
 -6.2951195e-01
 -1.5962597e-02
  1.6000576e-01
  2.1415107e-02
  4.7178548e-02
 -1.3407747e+00
 -1.1683668e+00
 -1.2951695e+00
 -2.3864435e-01
 -3.2888055e-01
 -4.5179360e-02
 -1.6992095e-01
 -2.0022558e-01
 -2.0520985e+00
 -3.9661393e-01
 -1.1286754e-01
  2.5060317e-01
  7.8968041e-02
  3.3910826e-02
  2.2336076e-01
  7.8767136e-02
 -4.1661051e-01
  3.8417384e-02
  2.9457274e-01
  1.4107103e-02
  7.4758783e-02
  1.2785505e-01
  1.5738118e-01
  4.6376362e-01
  5.4306352e-01
 -3.4541886e-02
  7.2331719e-02
  3.6853712e-02
 -4.9016658e-02
  8.1804529e-02
 -2.2332735e-01
  3.9370212e-01
 -4.0235451e-01
  3.8922009e-01
 -4.3652538e-02
  6.0231507e-02
 -5.5215788e-01
  1.0616717e-01
 -1.2586772e-02
  4.1355498e-02
  3.6998948e-01
 -6.0566988e-02
 -4.1982373e-03
  5.7760525e-02
 -2.6360524e-01
  4.7507739e-01
  2.2342952e-01
 -1.1633810e-01
  8.9677170e-02
 -1.0859477e-02
 -2.5751811e-01
  1.1317429e-01
  1.0939118e-02
 -3.1592172e-02
  6.4242706e-02
  5.4035090e-02
  1.2001688e-02
  7.0004880e-02
  1.4592898e-01
  3.8431334e-01
  7.9906054e-02
  5.5263519e-02
  1.2839757e-01
  1.0403898e-01
 -2.2074730e+00
  6.4652085e-02
  9.1334812e-02
  8.2339332e-02
  1.1455016e-01
 -3.0064732e-01
  5.1470291e-02
  1.8657060e-01
 -1.4072059e-01
 -6.1005065e-03
  1.2300771e-01
  1.0123230e-01
 -1.4311882e-02
  3.6275905e-01
  1.0808719e-01
 -1.1652444e-01
  1.5422729e+00
  4.4942352e-01
 -2.9321232e-01
  8.1447691e-02
  1.9527445e-02
 -2.8724952e-02
 -1.8421024e-01
 -3.5591573e-02
 -1.6651183e-02
 -1.1533214e-02
 -9.3732037e-02
  2.5770819e-02
  2.3119271e-01
  2.5352765e-02
 -2.5307300e-02
  8.1306444e-03
 -1.5296478e-02
 -1.2639606e-01
  7.1429044e-02
 -1.7889479e-02
  8.9035712e-02
 -3.0260798e-01
 -2.2643749e-02
  7.3782466e-02
 -3.0682174e-02
 -8.6160833e-01
  3.6288559e-02
  1.4605060e-02
  2.4685451e-01
  1.0515501e-02
  2.4673089e-01
  4.8582119e-01
  2.8839359e-01
  2.8133303e-01
  2.7667586e-02
  2.4003297e-02
  1.9841231e-02
  2.7203944e-01
 -1.9493406e-01
 -5.7982843e-02
  5.3028699e-02
  1.6836855e-01
  4.3115254e-02
 -9.0359300e-02
 -2.5333518e-01
 -3.6356115e-01
 -1.1012109e-01
 -8.1450135e-02
 -6.4630792e-02
  1.2166806e+00
  2.7496967e-01
  6.3438243e-01
 -2.6632911e-02
 -3.0867830e-02
  3.3737615e-02
 -6.2176127e-02
 -1.6783881e-01
  1.6245288e-01
  3.7769772e-02
 -4.6997556e-01
  2.1392117e-01
 -2.4638759e-02
  4.4219261e-03
 -2.9412127e-01
  3.9808962e-02
 -1.7178364e-02
 -2.8143721e-02
 -2.0944724e+00
  1.1091398e-01
  1.5240182e-01
  9.7142067e-03
 -2.7825060e-01
 -6.6778310e-02
  6.7860591e-01
  7.8969911e-02
 -1.2140191e+00
  1.6035374e-01
  2.7102715e-01
 -6.8728842e-02
  2.6291499e-01
  4.6947590e-01
 -1.1341562e-01
 -1.7618731e-01
 -2.1764882e-01
 -1.4557578e-02
 -1.0916399e-01
  8.4704407e-02
 -6.8354629e-02
  2.4685773e-01
  6.9084601e-04
  8.6176075e-02
  5.1987839e-01
  5.3854930e-01
  3.8970354e-01
  8.9191055e-01
 -6.8418312e-01
 -2.6148243e+00
 -2.5484402e+00
 -8.4634584e-01
 -4.5868590e-01
 -1.1599197e+00
 -2.5250489e-01
 -1.1316397e-01
 -4.8341540e-01
  5.8444190e-01
 -1.5701160e+00
  8.8609867e-02
 -2.6452194e-03
 -3.1343386e-02
 -5.9182948e-01
  3.5023153e-02
  4.2840973e-02
  1.5043840e-01
 -5.1365167e-01
  1.5656195e+00
  1.1673882e+00
  5.6862575e-01
  1.6850875e-01
 -1.2207769e-01
 -5.5316303e-02
  3.3031151e-02
 -3.4525561e-01
  1.4199232e-01
 -1.9417603e-01
  1.2951174e-01
  1.0993443e-01
 -2.4176836e-01
 -4.2978200e-01
 -7.5440153e-02
  1.9874832e-01
  5.2807540e-02
  3.8077127e-02
  3.1749383e-02
  5.4896522e-01
 -7.7932918e-01
 -1.4436996e-01
  6.4661086e-01
 -3.1695041e-01
 -3.9433956e-01
 -7.6416963e-01
  4.8603705e-01
 -8.1315750e-01
 -5.7446319e-01
 -4.8770923e-02
 -6.9191951e-01
 -1.0073003e-01
 -2.2999801e-01
  1.5664725e-01
  2.3112363e-01
  1.7544979e-01
 -3.4121025e-02
  4.6998253e-01
  3.2231111e-02
  5.7289267e-01
 -2.8202138e-03
  1.1963544e-02
 -2.9756373e-01
 -3.2825649e-01
  2.0536478e-01
  1.9113486e-01
 -1.0050710e-03
  1.0677886e-01
  2.1368830e-01
 -1.3349593e+00
  1.7141758e-01
 -3.8501152e-01
  3.5494962e-01
  7.0966050e-02
  1.4998724e+00
  4.0685529e-01
 -3.2632479e-01
 -4.1020432e-01
  1.5653479e+00
 -1.3361179e-04
  9.0612002e-02
  1.1533886e+00
 -2.1699288e-01
  8.9569312e-01
  2.1660478e-01
 -1.3724127e+00
  2.2962213e-01
  1.0436442e+00
 -6.4522721e-02
 -1.0926509e+00
 -2.3060170e-01
  5.1107060e-02
 -1.4766761e+00
 -1.7062148e-02
 -4.3340331e-01
 -3.4796616e-01
  1.8378351e+00
  5.7848161e-01
  2.2616242e-01
  6.8278462e-01
 -3.5435373e-01
 -1.3973130e+00
  3.1273967e-01
  1.5463518e+00
  1.2698756e-01
  5.0602961e-01
  3.1454751e-01
  9.9455371e-02
  5.8509958e-01
 -1.1130543e-01
  2.8236237e-01
  4.9906403e-02
  6.7760527e-02
  2.0777352e-01
 -1.5357898e-01
 -3.7616368e-02
 -4.7587231e-02
  1.1222893e-02
  2.4845555e-01
  6.3161533e-03
 -2.2487085e-02
 -1.8975884e-01
  5.3051963e-02
 -7.7729248e-02
 -3.1570811e-02
 -1.3628398e-01
  5.8037430e-01
 -1.0909715e+00
  1.6549031e-01
  9.4982699e-02
  2.9530734e-01
  1.8066997e-02
  8.4385090e-03
  8.8842221e-02
 -7.9848193e-02
 -1.8823450e-02
 -1.7552479e-01
 -8.8781781e-02
 -5.6469489e-02
  1.5204598e-01
 -1.3837782e-01
  2.4149427e-02
  6.9594003e-02
  1.7350402e-02
 -6.9321752e-02
  5.1845882e-02
 -4.8271228e-02
  2.7087939e-01
  2.5578979e-01
  2.3384687e-01
  2.5839794e-02
 -2.3870626e-01
 -2.4928331e-02
 -5.4825574e-01
  7.0362300e-02
  2.1784393e-01
  4.2276493e-01
  2.5043494e-01
  3.7547454e-01
 -2.2077560e-01
 -1.0215501e-01
 -5.9232369e-02
  2.8606481e-03
  2.3412880e-02
 -1.2500165e-01
 -2.5283927e-01
 -7.4204683e-02
 -6.6264629e-02
 -8.9078270e-02
 -9.1337867e-02
 -2.0351329e-01
 -3.9949343e-01
  1.0970645e-01
 -2.2448584e-01
 -1.3688161e-02
 -3.2219914e-01
 -6.5762326e-02
  9.3071319e-02
  1.2829435e-01
 -3.6405697e-01
 -6.4562279e-01
  5.0992172e-02
  1.9749562e-01
  5.4240233e-01
 -1.1050534e-01
  3.6486274e-01
 -3.5889965e-01
  5.9591547e-02
 -6.0003525e-01
 -6.5614777e-03
 -1.6309595e-01
 -1.3046631e-01
 -2.0362546e-01
  6.0966146e-01
  6.0885005e-02
  1.8135458e-01
  6.0687672e-02
 -6.8559200e-01
  3.2966438e-01
  1.6553363e-02
 -2.0764996e-01
 -1.2152166e-02
  1.5819671e+00
  9.1066189e-02
 -8.7135062e-02
 -9.6497096e-02
 -1.7544918e-02
 -3.0327079e-01
 -4.8853766e-02
  2.1581422e-03
 -8.6224265e-02
 -3.0430007e-01
 -1.6113725e-01
  1.9684315e-01
  1.6127443e-02
  8.3971590e-02
  1.0932830e-01
  5.3815538e-01
  1.3253856e-01
 -7.6334618e-02
 -1.5692457e+00
  2.7527645e+00
  4.2403691e-02
 -2.4263623e+00
 -2.8133788e+00
  5.7919675e-01
 -2.1974576e-01
  1.6948363e+00
  2.3563797e+00
 -3.7195358e-01
  8.1715256e-02
  6.1886068e-02
 -3.0244425e-01
  7.9171818e-01
 -2.2493215e-01
  1.1706461e-01
 -8.3407052e-02
  2.5053701e-01
  1.5458834e-01
  4.1716140e-02
 -1.1844622e-01
  1.2262666e-01
  3.5020567e-02
 -4.1207182e-03
 -3.6353223e-02
 -5.7829273e-01
 -2.2599709e-01
  1.9854966e-01
 -2.7228106e-02
 -8.4585898e-02
 -7.9958737e-03
 -8.4460646e-02
  2.3513076e-01
  9.8165916e-03
 -2.9004013e-02
  1.4442500e-01
 -2.2120188e-01
 -4.2104164e-01
  9.3356860e-01
  4.5864838e-01
  1.8584192e-01
 -1.5274683e+00
 -1.5133313e+00
 -4.7254312e-01
  4.2240359e-02
 -2.8699139e-01
  3.2538460e-03
 -1.3927714e+00
  1.3758056e+00
 -1.4284594e+00
  2.9442272e-01
  2.7398315e-01
 -5.6983665e-02
  1.4792062e-02
  2.1075001e-01
  1.1920888e-01
 -9.9191301e-02
 -2.9233880e-02
 -9.2883870e-02
 -7.3973691e-01
 -2.7606508e-01
 -4.4464028e-01
  1.9642952e-01
 -6.9980913e-01
 -1.8013109e-01
 -8.2332559e-02
 -1.6076271e-01
  2.7470905e-02
  1.3458353e-02
 -2.7053782e-03
  1.5016820e-01
  5.5758262e-01
  9.7407706e-02
 -1.4180654e-01
  4.2226279e-01
  1.3268434e+00
  1.1505080e+00
 -9.3389571e-02
 -1.4057152e-01
  5.4087722e-01
 -2.8287670e-01
  6.6302620e-02
 -3.0525503e-01
 -8.3567798e-01
 -1.1475403e-01
 -1.2341222e+00
 -4.6073604e-02
  2.4659589e-03
 -7.1240419e-01
 -9.5596153e-01
 -1.1586490e-01
  2.7327538e-01
  1.7274502e-01
 -1.1311920e-01
 -1.3552421e-01
 -7.6892652e-02
  1.1408012e-02
 -1.7410675e-01
 -1.8036936e-01
 -6.4558610e-02
 -5.5212907e-02
 -2.1007347e-01
  7.6806801e-03
  4.3886467e-03
  2.6700747e-01
  1.7976674e-01
  1.1222244e-01
 -6.8849921e-02
  1.2523775e-01
 -3.0691739e-02
 -1.7275870e-01
 -6.6422820e-02
 -6.0792667e-01
 -7.3112035e-01
 -1.7393585e-01
 -1.3339891e-01
  8.9816320e-01
 -2.4956591e-01
 -1.9446494e-01
  3.0866936e-02
 -2.5657821e-01
 -3.2149044e-01
 -4.4621509e-01
 -6.4372811e-03
  3.1431919e-01
 -9.9741817e-02
 -5.4497033e-02
  1.3238153e-02
  1.2551683e-01
  4.0122770e-02
  5.4729402e-01
 -1.2659156e-01
 -2.8554378e-02
  2.6679540e-02
 -6.6946290e-02
  8.7030485e-02
  1.6083847e-01
 -9.2408486e-02
  2.4186406e-01
  2.1268873e-01
 -2.8310278e-01
 -3.9566472e-02
 -3.1528577e-01
 -4.9911447e-02
 -2.4524526e-01
 -1.8972762e-01
 -8.2899727e-02
  7.7216342e-02
 -2.9782408e-01
 -2.5517971e-03
  3.1503409e-03
  2.8648624e-02
 -1.1695842e+00
  5.2224129e-02
 -4.9951547e-01
  1.0370810e-01
  3.3002928e-02
  6.0468739e-01
 -1.7211242e-02
  4.4440758e-01
  5.8164325e-02
  2.8548747e-02
  2.5704745e-02
 -5.4821932e-01
  4.0093660e-01
  8.8423848e-02
 -7.9631293e-03
 -1.0471987e-01
 -2.4445987e-01
  1.3057058e-02
 -3.2486275e-02
 -3.4047854e-01
 -1.0647961e-02
  1.5912168e-02
 -2.3459071e-01
 -2.0624088e-02
 -2.1105094e-01
  8.6443529e-02
 -2.8109112e-01
 -4.2198625e-01
  2.8670901e-01
 -2.4258306e-02
  5.4620199e-02
  2.5028892e+00
 -1.3977212e-01
  1.0243334e+00
  6.6041440e-01
 -1.3166951e-01
  3.8274623e-02
 -4.1845483e-01
 -4.3299057e-02
 -8.6132094e-02
  7.3491162e-01
  7.5670266e-01
 -6.8702273e-02
 -4.1913670e-02
 -5.8660865e-01
  3.4110296e-01
 -1.0303248e-01
 -4.5881718e-02
 -1.1264231e-01
  2.8639269e-01
  1.8473430e-01
  1.4675497e-02
  3.4906987e-02
  1.9437332e-02
  8.0794744e-02
 -4.7745624e-01
  1.9327896e-02
  1.0769589e-01
  6.2777981e-02
  3.5700738e-02
  1.3389888e-01
 -1.0470536e-01
  1.6260463e-01
 -5.8886516e-03
  2.0125666e-01
 -7.1263187e-02
  1.0158390e-01
  5.3144053e-02
  3.4616522e-02
 -1.2447376e-02
 -1.9349912e-02
 -8.2481496e-02
 -1.6508212e+00
  5.3411567e-01
  5.0734729e-01
  6.2692666e-01
 -1.6820185e+00
  1.3200448e+00
  1.2309567e+00
  5.5518478e-01
 -1.2004496e+00
 -2.2739358e-01
  3.0623883e-01
  6.7729527e-01
  1.0757120e+00
  1.8895531e-01
 -7.9832274e-01
 -8.6398286e-01
 -9.4791330e-02
 -2.5811645e-01
 -8.1675327e-01
  2.0859253e-02
 -1.0205977e+00
 -7.0072585e-01
  3.7948910e-02
 -1.3790661e-01
 -8.5114524e-02
  2.8973007e-01
 -2.0829274e-01
  4.6657898e-02
  4.3105343e-01
  1.1351081e+00
 -1.7537329e-01
  1.4701398e-02
  1.0436430e+00
  2.0299184e-01
  2.6480095e-02
 -1.3948673e-01
  1.9608304e-01
  2.0886473e-01
 -1.1780468e-01
 -2.3838811e-01
  2.1459015e-01
  3.3508095e-01
  1.2845086e-01
 -1.4383991e+00
 -1.3250299e-01
 -2.4325930e-02
 -1.0758470e-01
 -8.7051980e-02
  3.9596689e-01
 -5.1540293e-02
 -1.6208068e-01
 -2.0488088e-01
  2.6617408e-01
 -2.8612888e-01
  6.7803077e-02
 -2.9637748e-01
 -5.4689016e-02
  4.1499894e-02
 -3.6437935e-01
 -6.0716551e-02
 -4.8316527e-02
  1.0191183e-02
  2.4621512e-01
  1.8297652e-02
 -1.1899097e-01
  2.6505750e-01
  5.9778754e-02
  9.9472016e-02
 -5.5587482e-02
  1.6319603e-01
  8.0773699e-01
  1.1351714e-01
 -7.6544511e-01
 -2.9068008e-01
  5.1818252e-01
  1.4807743e+00
  2.9016280e+00
  3.6771232e-01
 -5.8131721e-02
  2.2619119e+00
 -2.6703484e+00
 -4.7901881e-01
 -7.8481686e-01
  4.8913619e-01
 -3.6459538e-01
 -9.3007088e-02
 -1.4736709e-02
  5.4939020e-01
 -9.5101610e-02
  6.9603331e-02
 -2.9581130e-01
  2.1442868e-01
  1.4384707e-02
  1.2768747e-01
 -8.9211604e-03
  7.1472305e-01
  5.3677547e-01
  9.4368339e-02
  1.5275657e-01
  1.1411057e+00
  9.6194677e-02
  1.5049644e-01
 -6.5941602e-01
  1.0701234e-01
  3.0461034e-01
  4.1112721e-01
  5.4707360e-01
  1.0958604e-02
  4.4638172e-01
 -2.3571877e-02
  1.1529429e-01
  7.9571092e-01
  4.7378755e-01
 -4.4235355e-01
  1.5438257e-01
  6.4182049e-01
 -1.1284013e-01
  9.0811856e-02
  1.0434438e-01
  2.3289551e-01
  4.7435304e-03
 -1.9828143e-02
 -1.6818637e-01
  4.2851517e-01
  5.0478667e-02
  1.1011138e-01
 -6.6750362e-03
 -6.5848023e-02
 -5.9984233e-02
  5.3234526e-04
  4.2495933e-01
  1.7189112e-02
  1.8805981e-02
  8.7545075e-02
  2.1857116e-02
  1.5117079e-01
 -4.0267520e-02
 -1.0708114e-01
 -2.8642112e-01
  2.1159495e-01
 -2.6314926e-01
 -4.4449699e-01
 -7.5518237e-03
  1.6193716e-01
  3.2060128e-01
 -9.7017594e-02
 -1.2508126e-01
  5.6251824e-01
 -3.2309452e-01
  4.1463766e-01
 -1.9451587e-01
 -1.5576203e-01
 -1.0620344e+00
 -5.2306736e-01
  3.0246204e-01
 -8.4971502e-02
 -2.8605521e+00
  5.6147033e-01
 -2.0944293e-01
 -4.1519201e-01
 -1.0866388e+00
 -2.8162843e-02
 -6.1244224e-03
  6.4938188e-02
  1.6037746e-01
 -1.0314492e-02
  1.0864007e-01
  4.7261249e-02
 -1.8713932e-02
  9.5288135e-02
  8.4431274e-03
  3.1025805e-02
  1.4050615e-01
 -2.0035046e-01
 -3.6422306e-01
 -7.4585438e-01
 -8.9006715e-02
  5.9425324e-02
 -1.6261688e+00
  4.2005528e-02
 -1.3108678e+00
 -9.3422301e-02
 -2.1682017e+00
  4.6219715e-01
  1.6444563e+00
 -1.7231475e-01
 -3.7263017e-02
 -2.9135957e-01
  1.1681101e+00
  2.1735297e-01
  1.9708832e-01
 -4.0566761e-02
  4.8535045e-02
 -1.4992748e-01
 -2.5556073e-01
 -9.7147340e-04
 -2.2046055e-01
  1.7926793e-01
  1.1044949e-01
  7.8763977e-02
 -1.4264761e-01
  1.1233890e-01
 -5.0852913e-01
  1.3381687e-01
 -1.5138836e-01
 -1.8810678e-01
 -8.4013358e-02
  5.0935610e-03
 -3.4552261e-01
  8.7452993e-02
 -1.3213302e-03
  7.1518189e-01
 -1.2848066e-01
 -1.5311240e-01
  7.3938288e-02
 -4.2372438e-01
 -3.9368082e-02
  2.3088203e-01
 -1.1787088e-01
 -1.3431966e-01
 -7.8088768e-02
 -1.0455003e-01
 -4.2951742e-01
 -2.6184285e-01
  7.8984463e-01
 -3.6817126e-02
 -3.2519004e-01
  4.2610120e-02
  6.4994735e-01
  2.1571536e-01
 -1.7255826e-01
 -1.8884364e-01
 -2.2275108e-01
 -5.0945025e-02
 -1.0489737e-01
 -7.0389137e-02
  3.9501843e-01
  4.3898058e-01
 -1.1353153e-02
 -8.1077144e-02
  5.5028617e-02
  5.1832266e-02
 -1.2664378e-01
  3.4934651e-02
  1.6516353e-01
  7.4322897e-01
 -7.4034184e-01
  1.7690316e-01
  1.5532231e-01
  1.8996681e-01
 -4.1954413e-01
  6.9485890e-05
 -5.0080955e-01
 -2.1322392e-01
 -8.6562201e-02
  1.5744548e-01
  2.9161233e-01
  8.4433931e-01
  6.1808852e-03
  2.6249132e-01
  2.4367146e-01
  7.2306380e-02
  8.6608753e-02
 -2.0472489e-02
 -4.0510425e-01
 -2.1583316e-01
  1.7765844e-01
  8.3792365e-01
 -5.8916949e-02
 -2.4666463e-01
  9.1554057e-03
 -1.3894895e-01
 -1.2404449e-01
 -8.3760601e-01
  7.1874493e-01
 -2.2680044e-02
 -9.1038120e-01
  2.1489486e-01
 -1.8574091e+00
  2.6490054e-01
 -1.3950225e+00
 -1.1811227e-01
 -8.5678704e-02
 -3.6628082e-01
 -6.0476165e+00
 -3.1449229e-01
 -2.8361243e-01
  8.5572436e-02
  4.2760678e-02
 -9.5776118e-02
  1.1993872e+00
 -7.3077463e-02
  1.7400109e+00
 -3.1153050e-01
  3.8937010e-02
  6.9792792e-02
  1.3420866e-01
 -7.3440718e-03
 -7.8681983e-02
 -1.4356104e-01
 -6.9447869e-01
 -1.1108606e-01
 -5.7951593e-01
 -1.6672952e-02
 -7.7257156e-02
  1.8438865e-01
  6.0807079e-01
 -1.0725317e-02
 -4.9873363e-02
 -2.2670977e+00
 -2.3020738e-01
  3.3176470e-01
  1.9512412e-01
  5.4077399e-01
  1.3882695e-02
 -3.6498744e-02
  7.3021322e-01
 -1.8376108e-01
 -7.3116159e-01
  4.4642533e-03
  2.4989733e-01
 -8.4389865e-02
 -5.3664101e-03
 -2.0441829e-01
 -8.3447909e-01
 -6.2616736e-01
  5.0975966e-01
  1.0192524e+00
 -4.4442628e-02
 -3.7735265e-01
  8.8843864e-01
  2.9539238e-03
  1.9732700e-01
  3.0052608e-01
 -1.0151022e-01
 -2.3253427e-01
 -1.0486876e-01
 -1.1894124e+00
 -5.4870449e-02
 -8.1303400e-01
  3.1100440e-01
  1.1830468e+00
  6.1663270e-02
  1.0124787e-01
  8.3243233e-01
 -1.0376778e+00
 -8.7409228e-02
 -1.0217320e+00
 -6.7148298e-01
  5.0623471e-01
  4.3327448e-01
  1.2950443e-01
  1.6294713e-01
 -1.0133056e-02
  8.5078537e-01
  2.1959994e-02
 -1.9702210e-01
 -1.9131988e-01
 -1.4169296e+00
 -6.2798816e-01
  1.6969842e+00
 -2.1841395e-01
 -5.7493371e-01
 -7.1831524e-02
 -1.6643680e-03
  1.0766090e+00
  5.3447008e-01
 -1.1097256e+00
 -3.9890584e-01
 -7.1348476e-01
  9.8724172e-02
  7.8020334e-02
 -1.2636142e-03
 -2.3845945e-01
  2.4618091e-01
  2.9965428e-01
  4.6673170e-01
 -6.1055988e-01
  5.1306701e-01
  2.8696662e-01
  1.9149330e-01
 -2.2347267e-01
 -8.0124170e-02
  4.5522416e-01
  1.9298698e-01
  4.0693370e-01
  8.9771636e-02
  2.7060711e-01
  1.5552770e-01
  1.5453395e-03
 -2.4235265e-02
  5.3360850e-02
  4.6464482e-01
 -8.5069381e-02
  1.1905959e-01
  6.8652026e-02
  9.7969428e-02
  2.0947957e-02
  2.6755822e-01
  5.1447117e-01
 -3.4397653e-01
 -8.6342819e-02
 -1.5406355e-01
 -2.9014349e-01
 -9.3151413e-02
 -4.9097143e-02
  5.0000641e-02
 -2.5953600e-02
  1.2172867e-01
 -1.9145975e+00
  1.0028046e-01
 -3.7448367e-01
  6.7001224e-02
 -8.8497968e-03
 -1.3648659e+00
  8.0723232e-01
  3.0977809e-01
 -1.1798688e+00
 -1.1924287e-01
 -5.7100493e-01
 -7.7715027e-01
 -2.3992911e-01
 -4.5837328e-01
 -7.6869184e-01
 -7.4896075e-02
 -1.1361517e+00
  1.4048220e+00
  1.9333850e+00
  1.3147132e+00
 -3.2413521e-01
  1.7221119e-02
 -1.1739577e+00
  5.2203274e-01
  4.3832695e-01
  9.5164448e-01
  3.7595313e-02
 -3.8945752e-01
 -2.2456914e-01
  3.2706282e-01
 -1.1871545e-02
 -7.6733899e-01
 -3.5138154e-01
 -5.5264485e-01
 -1.2506824e+00
  9.0704173e-02
 -5.9446007e-01
 -2.3792954e-01
 -2.1060686e-01
  8.3184832e-01
  1.5207373e+00
 -7.9103857e-02
 -1.0455544e-01
 -1.7082529e-01
 -3.8286993e-01
  1.2125293e-01
  4.3164823e-02
  1.4095198e+00
 -2.5346687e-01
  1.5397859e-01
 -3.2992553e-02
  1.4787294e-02
  2.8577100e-02
 -2.4348181e-01
 -1.9410774e-01
 -6.7900401e-01
 -2.0850116e-01
  1.9353402e-01
  1.1819082e-01
 -2.9079726e-01
 -5.3965165e-03
  6.4233854e-02
 -2.4378401e-01
  6.0510802e-01
 -4.8510978e-01
  1.3821417e-01
  2.1708161e-01
 -3.0537060e-01
 -1.1081916e-02
 -5.7954948e-02
  4.6975237e-01
  3.6667753e-02
  4.2262423e-01
 -2.8996831e-01
  1.6893956e-01
  1.4325778e-02
 -1.9933041e-02
  6.1132394e-02
  2.2146050e-02
  9.5306116e-01
  2.0863400e-01
 -1.0756477e+00
 -5.6000620e-01
 -1.6092453e+00
  1.4848911e-02
 -4.5648515e-01
  3.3195656e-02
  1.1663359e+00
 -1.4843011e+00
  4.6869886e-01
 -7.9592817e-02
  2.1179378e+00
  5.3702587e-01
 -1.9686490e+00
  3.5648644e-02
  6.6084199e-02
 -8.9232290e-01
  2.3586692e-01
 -2.7841145e-01
 -7.9552479e-02
  5.8261361e-02
 -9.5102859e-01
 -3.3243853e-01
 -1.2403341e-01
  6.2374890e-01
  6.8352640e-01
  4.4625720e-01
 -1.1042196e+00
  1.3559424e+00
 -6.6953659e-02
 -4.5513909e-02
  3.7824917e-01
 -2.8149086e-01
  3.1917568e-02
 -2.2074278e-02
  8.7018264e-04
 -2.1968876e-01
  3.3790654e-01
  7.2549708e-02
  5.2400184e-01
 -2.2925232e-01
 -9.4226754e-01
  2.6267993e-01
 -3.3505775e-02
 -2.7941686e-01
  8.8613659e-02
 -1.0676022e+00
  9.4109826e-02
  2.1605368e-01
 -9.9769408e-01
 -1.4019781e-01
 -7.4486598e-02
  7.3812790e-02
 -1.4314623e+00
 -4.8044976e-02
  5.3439587e-02
  1.3329288e-01
  2.8911504e-01
  4.7353484e-02
  1.6645055e-01
  1.9784679e-01
  8.4846997e-01
  3.6469098e-02
 -8.3151656e-01
  3.6856028e-01
 -6.8916380e-01
  3.5840948e-03
 -4.5488842e-02
 -2.0011086e-02
 -1.4214300e-01
  1.0109750e-01
  5.0678676e-01
  2.1885017e-01
  2.1254189e-01
  2.9063395e-01
 -1.0209339e+00
 -2.0920775e+00
  3.8914537e-01
 -3.0982623e-01
  7.5128478e-01
  2.6719680e-01
 -7.8141397e-01
 -1.4887473e-01
  1.1572053e-02
 -1.2711374e-01
  7.0979334e-02
 -2.6853677e-02
 -2.0535871e-01
 -3.3499929e-01
  2.0893550e-01
 -2.5246909e-01
 -6.3679114e-02
  2.7544622e-03
  1.6769978e-01
 -2.1962399e-02
 -3.0876258e-01
 -9.8410353e-02
  5.1004642e-01
  7.5165009e-01
  4.7948264e-02
  9.9050999e-02
 -5.3412180e-02
  7.4474528e-02
 -6.7604196e-01
 -1.2696952e-02
  2.2870658e-01
 -4.7619879e-02
 -2.4050314e-02
  1.6744216e-01
 -4.3242760e-02
  2.1626911e-01
  7.4027503e-01
 -4.2194760e-01
  6.5490574e-01
 -1.7965016e-01
  1.8099004e-01
  7.0116960e-02
  4.5668703e-01
 -9.6479364e-02
  6.0562420e-01
 -5.6846148e-01
 -8.7232912e-01
  3.7776122e+00
 -1.2234604e-01
 -1.4486835e+00
  6.9310886e-01
  3.2575199e-01
 -1.0689987e-01
  3.0539936e-01
  3.4408006e-01
 -2.0365145e-02
  4.0614188e-01
 -2.0724228e-01
  2.5574481e-01
 -8.1758469e-02
 -1.9069239e-01
 -6.0068944e-04
 -1.0950986e+00
 -5.7985425e-01
 -3.8848886e-01
 -2.3557140e-01
  1.0383803e-01
  2.8236681e-01
 -2.8914845e-01
  3.6987349e-01
  3.2247904e-01
  5.3246208e-02
  2.2145391e-02
  1.0661618e-01
  1.1171459e-01
  1.0816139e+00
 -7.5880112e-04
  1.6282047e-01
 -4.4538835e-01
 -7.0571709e-01
 -1.0680730e-01
 -1.9676583e-01
  1.8476859e+00
  7.3792970e-01
 -5.5538589e-01
 -5.6944233e-01
  8.3911508e-02
  2.1870105e-01
 -6.7959409e-03
 -4.9827151e-02
  5.1633012e-01
 -1.8287937e-01
  1.4145654e-01
  4.6913874e-01
  3.1619549e-01
 -4.1335069e-02
  4.3317768e-01
 -4.5407493e-02
  1.2639807e+00
  7.9794592e-01
  1.2451134e+00
  5.1569146e-01
 -4.8638454e-01
 -1.5054138e-01
  9.2427641e-01
  4.4945627e-01
  3.3641818e-01
  7.8226388e-01
  4.6864620e-01
 -4.1852069e-01
  9.2699999e-01
  5.8315098e-01
  3.8560775e-01
 -2.5646815e-01
  1.8302360e-01
 -1.4936291e-01
 -7.3490876e-01
  3.2468480e-01
 -5.3053057e-01
 -3.6394846e-01
  1.2608348e-01
 -5.5809957e-01
  1.8414842e-01
  1.6569957e-01
  3.8766256e-01
  9.0395147e-01
  3.7966598e-02
  5.7504690e-01
 -9.1301787e-01
 -2.1384850e-01
  2.1720706e-01
  5.1927108e-01
 -7.4105537e-01
 -6.2380028e-01
 -2.5286290e-01
  3.2621673e-01
  1.0536995e-01
 -1.8410523e+00
  5.1349181e-01
 -1.4306517e-01
  6.1437912e-02
 -1.5841815e-01
 -1.4392514e-02
  7.6924689e-02
 -3.4713978e-01
  2.4778341e-01
  1.3164545e-02
  9.6338235e-02
 -4.0641335e-01
  1.1852170e-01
 -4.5174215e-02
  1.3761017e-01
  2.7123770e-01
  4.1255373e-01
 -3.3649790e-01
  2.0598566e-02
 -3.9464372e-01
  9.0302020e-02
 -4.2257480e-02
  1.2336045e-01
 -5.7780709e-02
 -9.2907518e-02
 -5.3508282e-02
  8.8220015e-02
 -1.9730361e-02
 -6.0653251e-02
  2.2850488e-01
 -1.8885040e-01
 -5.9432125e-01
  4.1233689e-02
  5.9318382e-02
 -9.5050327e-02
  2.8898144e-01
  1.5912315e-01
 -9.6013054e-02
  8.6545601e-02
 -1.8424541e-02
 -9.4154187e-02
 -5.6435473e-02
  6.8201341e-02
  2.7382469e-01
  4.5433715e-02
  6.8788350e-02
  6.9307146e-04
 -8.5413240e-02
 -4.0118364e-03
 -9.7423904e-02
 -5.7311988e-01
  6.4293183e-02
  2.2377274e+00
 -1.0357149e-02
  1.4093176e-01
  6.6781841e-02
  1.0849417e-02
  1.1206084e-01
  4.1559201e-02
 -1.2423158e-01
 -2.1393200e-02
  3.3724347e-01
  3.6484969e-01
  5.2057616e-02
  4.8531502e-02
  3.2455525e-01
  5.8841008e-01
 -2.4191952e-01
  3.4265840e-01
  4.4473499e-02
  1.4160185e-01
 -2.6231587e-01
 -4.5206115e-02
 -2.3803496e-01
  2.5421041e-01
  7.5101696e-02
  3.2457420e-01
  7.4549377e-02
 -6.8313114e-02
  3.1023121e-01
  3.4883332e-01
 -6.0823195e-02
 -7.8196771e-02
  3.9043808e-01
  5.7108155e-03
 -1.0641026e-02
  5.1937991e-01
  7.5055204e-02
  3.9202958e-01
  4.2252403e-01
  3.0799851e-01
 -3.2426062e-01
 -1.6436136e-01
  1.5966835e-02
  2.5159137e+00
  3.6223087e-02
  7.2671229e-01
 -4.0291816e-01
  6.4982104e-01
 -1.7598357e-02
  1.9141704e-01
  2.3080556e-01
 -9.9799834e-02
 -5.9749371e-01
  4.9760867e-02
 -6.1986916e-04
  2.9762186e-02
 -6.5298116e-01
  1.8630143e-01
  6.3706852e-02
  2.9825062e-01
 -6.1500752e-01
 -8.3327129e-02
 -9.1721512e-02
 -5.0381714e-01
 -1.5071890e-01
  4.4993781e-02
 -2.6953179e-02
  3.7933400e-01
 -1.0778861e-01
 -1.7983286e+00
 -1.1840084e+00
  8.4164631e-01
 -7.0875943e-02
  4.6355060e-01
 -2.4238165e-01
 -1.9132220e+00
  1.0046206e+00
  1.3172586e+00
  1.2088857e+00
  5.0374769e-02
  7.7952437e-02
  1.4893960e+00
 -6.3805509e-01
  5.1024908e-01
 -3.1782004e-01
 -3.3457395e-01
  3.8413474e-01
  2.7136263e-01
  8.0968171e-02
 -1.0180980e-01
 -2.8900325e-01
  4.6819556e-01
 -7.9843724e-01
 -1.5701578e+00
  7.0799239e-02
 -1.4647858e-01
 -2.3367970e+00
 -1.3023273e+00
 -6.0016876e-01
 -3.5666566e-02
 -1.2413654e-01
  7.1788514e-01
  1.1162246e-02
  1.0845970e+00
  5.3875506e-01
  1.5939140e-01
  8.4183592e-01
 -9.1890144e-01
 -1.3521555e-01
  4.6557605e-01
 -8.1102318e-01
 -9.7436152e-02
  9.9756831e-01
  1.3556877e+00
 -8.4400153e-01
 -2.1410172e-01
  5.6613743e-01
  4.7677127e-01
 -1.6216153e+00
 -4.4603008e-01
 -1.0059967e+00
 -2.7736914e-01
 -4.4452839e-02
 -3.5329199e-01
  4.5126045e-01
 -3.9552590e-01
 -3.2140085e-01
 -9.0814787e-01
 -2.9938763e-01
 -1.4975019e-01
 -1.6918375e-01
 -9.2050087e-01
  4.2682707e-01
  8.0689740e-01
 -1.0496364e+00
 -2.8243809e+00
 -6.6862710e-02
 -4.4775166e-02
  6.1639625e-01
 -1.4976650e-02
  1.6297765e-01
  2.0310190e-02
 -1.1447795e-03
  1.5125328e-01
  2.6163226e-01
  2.6599699e-01
  3.3130538e-02
 -3.2200240e-02
  9.1585571e-01
  1.0552566e-01
  2.5822529e-01
  9.5542826e-02
 -2.5474492e-01
  3.3773261e-01
  1.6306646e-01
 -1.1333150e-02
 -9.4924733e-02
  1.6700648e-02
 -3.1204638e-01
  1.8235133e+00
 -9.0161759e-01
 -2.8837472e-02
 -2.3119557e-01
  6.4438289e-01
  2.2346580e-01
  2.7777472e-01
  2.2698581e-01
  1.2647299e-01
 -3.4199545e-01
 -3.2325494e-01
  2.4278063e-01
  1.6456772e-01
  6.5672085e-02
  1.7466500e-02
  8.0963885e-03
 -1.2373164e-01
  2.1620829e-01
  3.2089609e-01
 -3.1991046e-02
 -4.2521942e-02
 -5.6420034e-01
  3.8932303e-01
  1.2784308e-01
  7.0711255e-02
 -1.4768779e-01
  4.9583447e-01
  7.7142215e-01
  2.8836286e-02
 -2.0659734e-01
  9.9983029e-02
  2.5308880e-01
  5.2611489e-02
 -1.4702508e-01
  6.4556181e-02
 -7.9174995e-02
  1.8288089e-01
 -5.8594269e-01
  3.5094118e-01
 -3.0188916e-02
  1.3984118e-01
  1.8027453e-01
 -2.6339510e-02
  1.1818687e-01
  1.7549539e-01
 -1.1986510e-01
  7.1849391e-02
  2.7952052e-03
  1.5367498e-01
  6.4473741e-02
  6.0809499e-01
 -2.5706705e-01
 -4.7890924e-02
  4.6029158e-02
  6.2947512e-02
  4.4636529e-02
 -2.1534964e-02
 -5.2696131e-02
 -2.8719759e-02
 -6.8222332e-01
  6.1718528e-03
 -5.8908910e-02
  1.7558894e-01
  4.2444035e-01
  1.1601762e+00
  8.3613954e-02
  1.7732507e-02
  3.1030363e-01
 -2.1696942e-01
 -8.1654027e-02
 -7.9592012e-02
  9.3409017e-02
  6.6893555e-02
  8.6988293e-02
  2.6171463e-02
  1.8825570e-02
  5.8834070e-01
 -1.3644249e-03
 -6.3843362e-02
 -3.8148798e-02
 -2.2838497e-01
  6.2271185e-02
 -1.4230306e-01
  1.0598709e-02
  1.9585897e-01
  5.3038280e-02
  2.7939459e-02
  5.0201941e-01
  2.7790043e-01
 -7.3070094e-02
  3.2140039e-02
  1.2115548e-01
 -1.3032870e-01
  2.0253120e-01
 -1.4774621e-01
  4.1862547e-02
 -4.8159754e-01
  3.9595142e-01
  8.1206441e-02
  2.3957618e-02
  5.9977513e-02
  1.3176177e-02
 -1.2185813e+00
 -1.0112080e-02
  8.5281461e-02
 -1.3566093e-01
 -1.5280245e-01
 -4.2392496e-02
  1.2991910e-01
  2.0118743e-02
 -3.0230176e-01
  5.2037537e-01
  2.9551566e-01
  1.2285729e-01
 -1.9756109e-02
  1.7036769e-01
  1.2065361e-02
 -3.0223739e-03
  4.2797908e-02
  4.0613338e-03
 -1.0822775e+00
 -1.6438837e-01
 -8.9210361e-02
 -1.4895220e-01
 -1.3585034e-01
 -1.4213419e-01
 -2.4830865e-02
 -3.6391461e-01
  3.6448443e-01
 -2.6642326e-02
  1.6671795e-01
 -9.3604095e-02
 -6.3368905e-01
  2.4148004e+00
  2.3054875e-02
  6.3660264e-02
 -6.2288409e-01
  7.4437216e-02
 -2.7910745e-01
 -3.5247418e-01
 -1.0993137e-02
 -3.2245375e-02
 -6.6866362e-01
 -1.0570290e+00
  2.9443147e-02
  4.9951521e-01
  3.2746904e-02
  8.0946994e-01
 -2.9103909e-02
  6.8488630e-04
  1.3048269e-01
 -2.4967340e-01
 -8.4720057e-01
 -1.4106315e-01
  1.5664501e-01
 -2.9842013e-01
 -4.3696392e-02
 -7.9523310e-02
  1.5344752e-01
  5.9921396e-01
 -8.7819979e-02
  8.6742580e-02
  1.2778261e-01
 -6.0290879e-01
  8.3628726e-01
 -1.3173489e-02
  2.5191391e-01
 -3.5558093e-01
  4.5432568e-01
 -6.2149894e-01
 -3.7563744e+00
 -5.7767278e-01
 -1.1917726e+00
  9.1693556e-01
  1.3814589e+00
 -5.3486115e-01
 -1.5489154e-01
  9.9934894e-01
 -1.8362556e+00
 -9.8420255e-02
 -1.3441743e-01
  2.4323792e+00
 -5.5865628e-01
 -6.9171631e-01
 -7.3811340e-01
  1.7816683e+00
 -3.5000350e-02
 -5.2479804e-02
  1.6289201e+00
 -5.5996042e-01
  6.6334248e-01
  4.1193590e-02
 -7.2891152e-01
  9.6880589e-03
  3.4394139e-01
 -1.1116656e+00
  1.1593500e+00
  2.0354821e-01
  4.0336847e+00
 -9.6649736e-02
  9.7578037e-01
  1.9444937e-01
  1.3008928e+00
  1.9938942e+00
  5.9607065e-01
 -3.9462816e-02
 -2.9050517e-01
  2.5949340e-02
 -6.7696357e-03
 -2.0144010e-01
  1.0641807e-01
  5.8606398e-01
  2.3199958e-01
  4.6139213e-01
  1.3792709e-01
 -1.3730200e-01
  8.0923468e-02
  1.0108161e-02
  9.4545141e-02
  5.0111385e-03
 -2.3167261e-01
  9.5142323e-01
  1.9730117e+00
  1.1224602e-01
  4.6621215e-02
 -3.6071844e-02
  2.3613326e-01
  2.1910474e-01
  6.9646731e-02
 -5.7127010e-02
 -2.2902574e-02
  1.4742450e-01
 -2.6319787e-02
 -5.9958570e-02
 -1.2226485e-02
  7.6915841e-03
  8.2368046e-02
 -4.1840294e-01
  2.3546723e-01
  1.1880869e-01
 -4.4217798e-01
  3.1286612e-02
 -9.0508699e-02
  7.1068755e-03
  5.0417375e-02
 -5.8081057e-02
  4.5803586e-01
  2.6232701e-02
 -2.6877636e-01
 -6.7489344e-01
 -7.3883452e-02
  3.2125011e-01
  1.6708158e-01
 -6.8790779e-02
  7.2849758e-02
  9.3040131e-02
 -2.3861879e-02
 -1.8282706e-01
 -2.2350673e-01
  3.6531138e-01
  9.8748118e-02
  3.0858064e-02
  5.3280839e-03
  3.7852249e-03
 -1.3922541e-01
  6.0949439e-01
 -5.0749433e-01
 -6.4097883e-05
 -8.8547625e-02
  3.1834650e-03
 -2.0600930e-03
 -1.1706240e-01
 -2.0102564e-01
 -7.0772670e-02
  2.6037195e-01
  1.6391616e-01
  9.6468486e-02
 -7.4985582e-01
  8.0311716e-02
  7.1816683e-02
 -2.9578033e-01
 -1.2705146e-01
 -5.5241250e-02
  5.7579853e-02
  9.4724946e-02
  3.0104347e-02
  2.4643496e-02
  5.0959533e-01
  3.8811974e-03
 -6.8036720e-02
  8.5580252e-02
 -1.1621720e-01
  6.9521233e-02
 -1.4861089e-01
 -2.5492489e-01
 -1.6447632e-01
 -2.8043175e-02
 -3.5552241e-02
 -3.1653974e-02
  3.1788535e-02
  3.2256976e-02
 -3.1142272e-02
 -3.6387792e-01
  4.4237891e-01
  5.3481743e-02
 -9.9396676e-02
  3.1666008e-01
  7.6514065e-02
 -1.7937823e-01
  4.7558218e-01
  2.3947296e-01
  2.9512411e-01
  8.0809973e-02
 -1.4976652e-02
  2.6062721e-01
 -1.2659131e-01
  8.0744278e-01
  6.5069899e-02
  1.7572089e+00
  6.0825262e-02
 -2.7170682e-02
  6.4489769e-04
  1.0704426e+00
  5.8220327e-02
  6.2314037e-02
 -3.3917877e-01
  8.2000092e-02
  4.0760711e-02
 -1.6368936e-01
  4.4610519e-02
 -1.5415145e-02
 -1.3263527e-03
  1.3583711e+00
  2.1739136e-01
  1.3980968e-01
  1.0564005e-01
  3.9882924e-02
  4.8055059e-01
  3.9307062e-02
  3.6259022e-02
 -2.7395887e-02
 -2.0100253e-02
 -1.7802061e-01
  5.9366488e-01
 -1.8928227e-01
 -1.5951343e-01
 -6.5368044e-01
  4.3230820e-02
  2.1981955e-02
  1.5175511e-01
 -7.2445698e-02
 -1.1279589e-01
  2.1915089e-02
 -3.2169890e-01
 -6.3459212e-01
  1.2061232e-01
 -1.3696083e+00
  4.8282799e-01
  2.4699400e-01
  2.0247430e-01
  3.6654380e-01
  1.1405494e-01
 -6.8939674e-01
  5.8967322e-01
  7.3561555e-01
 -2.2382912e-01
  1.1343895e+00
  1.0238874e+00
  2.1150258e-01
 -9.7584426e-01
  1.1395011e+00
 -4.1613385e-01
 -4.5366995e-02
 -8.3027059e-01
 -1.9832917e-01
  7.8876406e-01
 -1.5431315e-01
 -6.9349283e-01
 -6.0810739e-01
 -8.5502046e-01
 -4.5537359e-01
  1.8688616e-01
 -1.6532142e-01
 -2.6326317e-02
 -1.4829853e-01
  3.9327919e-01
  5.7665586e-02
 -8.1251428e-02
  2.2793819e-01
 -2.8546152e-01
 -2.2699498e-01
  1.1468749e+00
 -3.6448725e-02
 -3.7558001e-01
  5.0110686e-01
  9.7543158e-02
  1.3873667e+00
 -6.2391255e-02
  4.7983892e-02
  9.3238550e-04
  1.5989678e-01
 -8.8273793e-01
  1.1029907e-01
 -2.4155469e-01
  1.9723721e-02
  8.6606401e-01
  1.5694161e-01
 -7.9506345e-02
  7.9781748e-02
 -3.6510986e-01
 -3.7283880e-01
 -1.0462563e-01
  7.8278095e-01
  4.9049962e-01
  3.8704445e+00
  3.9819527e-01
 -4.0615797e-01
  1.4601302e+00
  7.7496558e-01
  6.4318496e-01
 -1.4893679e-01
  1.7509133e-02
 -2.1253186e-01
 -5.2530110e-01
 -9.5787644e-01
 -3.6666852e-01
 -3.7365314e-01
  4.6861820e-02
 -2.0227939e-01
  6.9178998e-02
  2.2581989e-01
 -4.0836340e-01
 -2.4139255e-01
 -7.9750544e-01
 -2.8115287e-01
 -1.5256426e-01
  1.9586140e-01
 -5.2081659e-02
  2.6458520e-01
 -1.4697310e-02
  1.1199382e-01
 -8.3032221e-02
  1.1911361e-02
  2.4407586e-01
 -8.9084618e-02
 -2.9008465e-02
  1.7840482e-02
  5.0178729e-02
 -9.9462926e-02
  5.4958824e-02
  3.7570667e-02
  1.0191294e-01
 -4.7195725e-02
 -9.0672508e-02
  3.4727967e-01
 -2.5914559e-01
 -7.4100792e-02
 -2.5364279e-03
 -2.6929021e-01
  6.7222595e-02
  8.6262329e-03
  1.0766410e-01
  7.7389434e-02
 -5.1616982e-05
  1.9985001e-01
  2.4079241e-01
  1.2275446e-01
 -1.2965719e+00
  2.2319059e-01
  6.4955443e-01
 -8.5685140e-01
  7.1279228e-02
 -7.2691821e-02
 -5.2079026e-02
  4.4092629e-02
  2.2022761e-03
 -9.8628616e-03
 -1.1615535e-01
 -1.2505332e-01
 -2.8778201e-01
  2.3661517e-01
 -5.1158980e-02
 -2.7022373e-02
 -1.3595892e-02
 -1.2102842e-01
 -6.2785171e-02
  5.2187890e-01
  4.7504967e-01
 -2.0202969e-01
 -1.7105432e-01
 -4.9854013e-01
  1.2462438e-01
  2.4062008e-01
 -2.7419373e-01
  1.0085235e+00
  6.1352295e-03
  3.8540202e-01
  2.6568583e-01
  9.9159166e-02
  2.3713687e-02
  6.4652845e-02
 -4.5272377e-01
 -3.7067023e-01
  1.8146038e+00
  2.1541217e-01
  4.3534705e-01
 -4.8619246e-01
 -1.1740643e+00
  2.8833838e-03
 -1.0512344e+00
 -2.2530310e+00
 -1.7977916e-01
 -5.4691929e-02
  1.1081300e-02
  1.1485944e+00
 -4.7343501e-01
  5.1218158e-01
  1.0428604e+00
 -1.8381943e-01
 -1.2212623e-01
 -1.2362897e-01
  7.0465609e-02
 -2.5401387e-01
  1.5151991e-01
  8.1698254e-02
 -1.6289720e-01
 -8.5974318e-01
  1.0544043e+00
  2.0963883e-01
  2.0205628e-02
 -1.9959180e+00
 -1.5283347e+00
 -4.0338990e-01
 -8.9521056e-01
 -2.2055101e-01
 -1.4478354e-02
  1.4008800e+00
 -2.0060085e-01
 -2.3106128e-01
 -5.1884365e-01
  1.7775892e-01
  1.2136290e+00
  4.1407160e-02
 -3.4635723e-01
 -1.6773584e+00
 -1.9691524e-01
  1.5491256e-01
 -1.4496909e-01
 -2.9467480e-02
 -2.0334335e-01
 -1.0328704e+00
  4.2807717e-02
  7.1125638e-01
 -2.1729632e-01
  1.5442015e+00
 -7.2201945e-02
 -2.7998382e-01
 -7.5945772e-02
 -4.6282700e-01
  1.1318520e-01
  1.5732279e+00
 -9.3823031e-02
 -3.6181161e-01
  8.4616089e-01
  5.8203876e-02
  8.5950649e-01
  5.7400262e-01
  3.0161741e-01
  7.4211162e-01
 -4.9460474e-02
 -8.5556644e-01
  2.4864531e-01
  3.5522509e-01
 -2.2817531e-01
 -6.8912818e-03
 -4.7790787e-01
  4.5418316e-01
 -7.4949376e-02
 -1.3970575e-01
  1.0298913e-01
  3.3819643e-01
 -5.6362640e-02
 -7.9996616e-01
 -3.5222822e-01
  4.3222878e-02
 -4.2907383e-02
 -4.5588776e-02
  8.2701963e-01
  6.9771353e-03
  1.0953511e-02
  2.4458112e-01
 -2.2006825e-01
 -9.9001810e-02
 -1.0165699e-02
  3.4012154e-01
 -2.4440522e-01
 -5.0124202e-02
  2.8762883e-01
 -7.6790929e-02
  1.0210805e-02
 -1.2958036e-01
  1.8917778e-01
 -2.8724285e-02
  2.9181543e-01
  5.9263419e-02
 -2.2788234e-02
 -4.7408471e-01
  2.4835993e-01
 -6.8584725e-02
  2.2037451e-01
  1.0011972e-01
  1.9888952e-03
  9.1931902e-02
  2.3910601e-01
  3.0953337e-02
  1.0071605e-01
  7.8519881e-02
  3.5101923e-01
 -6.1364460e-01
 -4.8500842e-01
 -4.2004088e-01
  2.9070249e-01
  4.6092984e-01
  3.7858982e-02
 -1.4499040e-02
 -1.3994612e-02
 -4.5710698e-02
  8.9532562e-02
 -7.6116689e-02
 -4.1904528e-02
 -4.1956073e-01
  2.7696302e-02
  4.9058893e-03
  5.3080779e-02
  3.2563690e-02
 -7.3312144e-03
  1.4726092e-01
 -7.1155168e-02
  1.1711171e-01
 -2.0699810e-02
  1.2460358e-02
  9.3092076e-02
 -2.1483609e-01
 -1.7422298e-02
  8.2566096e-03
  7.3128462e-02
 -1.0721797e-01
 -6.0797448e-04
 -4.4995947e-03
 -4.1115803e-01
  1.0591041e+00
  2.2785254e-01
 -6.6586030e-01
  7.6357681e-01
 -7.6989777e-02
  2.7868426e-01
  6.7286104e-02
 -6.5243286e-01
  1.3663999e-02
  2.2261300e+00
 -4.4489229e-01
 -3.0004528e-01
 -7.1477011e-02
 -1.1605520e-01
  9.7579694e-01
  9.4809490e-01
 -3.3913255e-02
  2.2757687e-01
 -8.0747807e-01
 -1.1138063e-01
  1.4418875e-01
  5.4167855e-01
 -3.0592018e-01
 -3.7474307e-01
  1.2678280e+00
  3.2827675e-01
 -1.4303273e-01
  2.0984404e+00
 -4.0038669e-01
  7.7245802e-01
  6.6955574e-02
 -1.2655668e-02
  6.6803873e-01
 -1.7137738e-01
 -6.5326028e-02
  1.5313302e+00
 -1.9450669e-01
 -8.1811734e-02
  1.5522844e-02
  2.9184976e-01
 -2.3572345e-01
  5.0829434e-01
 -9.5772457e-01
 -6.7682135e-01
 -2.3841281e-01
 -1.2278186e+00
  1.4179837e-02
  3.6220202e-01
 -1.2708266e-01
 -1.3870519e-01
 -2.4626132e-02
 -1.2745702e-01
 -1.3223389e-01
 -1.0562877e-01
 -3.8008478e-02
 -1.3344558e+00
  7.2664231e-02
 -9.9116313e-01
 -2.9048845e-01
  1.5468230e-03
 -8.5259259e-02
  8.4227070e-02
  8.3593148e-01
  9.7645417e-02
  6.4605385e-02
 -3.3363398e-02
  5.5084562e-01
  2.8202683e-01
 -1.7401200e-02
 -4.5022342e-02
 -4.7547296e-01
  1.4300588e-01
 -5.7306733e-02
  5.6576420e-02
 -4.2087464e+00
  2.4018617e+00
 -5.1436460e-01
 -9.7231382e-01
  4.4825366e-01
 -2.4850805e+00
 -1.2219679e+00
 -1.3629018e-01
  7.5850509e-02
 -3.5963884e-01
  1.1557472e+00
 -2.4390844e-01
  2.1397981e-01
  7.5545388e-01
 -4.6172645e-02
  2.3568752e+00
  1.5475248e-01
 -7.7202767e-02
 -5.6477178e-02
 -4.2513322e-02
 -2.1537971e+00
 -2.9189357e-01
 -8.0388688e-02
 -5.4764211e-01
  1.6390015e-01
 -8.4178561e-01
  5.3977638e-01
  4.8053984e-02
 -2.5689828e+00
 -1.7700556e-01
 -2.1025650e-02
 -6.4906043e-01
  2.8834006e-01
 -3.5932213e-01
 -1.5133996e+00
 -1.6825500e-01
  1.6703153e-01
 -1.8201804e-01
 -2.8432748e-01
 -7.8828491e-02
  9.2319781e-01
 -2.5347021e-01
 -4.7434862e-03
 -2.2101983e-01
 -2.0528279e-01
  5.0752517e-02
 -5.7248715e-02
 -5.4699171e-01
  6.5728232e-02
 -6.1846596e-01
 -2.8732869e-01
 -1.5451132e-01
  1.7984539e-01
 -1.3458741e-01
 -2.7458452e-02
 -3.7100919e-02
  2.9086033e-01
  2.5245607e-01
  1.4276628e-01
  2.7041331e-01
  1.9727318e-01
 -2.3352313e-01
  3.7453428e-02
  2.4089205e-01
  6.1656490e-02
 -1.2111619e-01
  2.4626980e-02
  1.2280215e-01
  4.7010812e-01
 -1.4442524e-02
 -1.0481618e-01
  6.4223006e-02
  1.4631927e-01
  1.4972570e-02
 -6.9171749e-02
  2.1271463e-01
 -9.3357563e-02
 -3.1185560e-02
 -1.6779047e-01
  1.9870307e-01
  6.3055372e-01
 -7.1157783e-02
 -2.7667028e-01
  1.6719735e-01
  1.0862035e+00
  2.0416753e-01
  1.4166693e-01
  8.8640377e-02
  3.0933272e-02
 -1.0325793e-01
  1.1769148e-02
  7.5758703e-02
 -1.9844249e-02
  3.2809654e-01
  3.2784153e-02
  2.9882994e-01
 -1.5500836e-01
  5.0856006e-01
  3.0324781e-01
 -1.3209608e-01
 -7.3085643e-02
  1.8337835e-01
  1.1458425e-01
  1.4189646e-01
 -6.2774770e-02
  2.8397962e-01
  4.1600965e-02
 -3.2967027e-02
  8.2319297e-02
 -4.5484167e-02
  2.4284992e-01
 -2.3757710e+00
  4.7100499e-01
  1.7191718e+00
 -1.3105494e+00
  7.4797851e-01
 -1.0302566e+00
  8.5951388e-01
 -7.4335372e-01
  8.3676004e-01
  6.2453962e-04
 -5.3302574e-01
  2.7950695e+00
  2.6839700e-01
  1.0430014e+00
 -8.8942528e-01
 -2.7257529e-01
 -2.1316180e+00
 -8.5643339e-01
  1.0951535e-01
  2.2292443e-01
 -2.1531117e+00
 -2.4536493e+00
 -3.0972340e+00
  1.3173909e+00
 -1.9810086e+00
  2.7008513e-01
 -4.0524762e-02
 -5.3378046e-01
  7.1388757e-01
  1.5245578e+00
  1.3401655e-02
 -4.8002899e-01
 -1.1570393e-01
  1.4026418e-02
 -1.9727798e+00
  2.9982541e+00
 -2.9677073e-02
 -3.1124985e-01
 -2.2008209e-01
 -4.0088255e-02
 -1.3831184e+00
  2.0356971e-01
  2.1126812e-02
  6.0811792e-02
  1.2879803e+00
  1.3292266e-01
 -1.4809552e+00
  5.2519113e-01
  5.9203044e-02
  2.4221182e-02
 -1.9257670e-02
  2.0950799e-01
 -3.7046516e-01
 -8.2186617e-02
  3.5226345e-02
 -1.2159972e-01
  3.2557666e-01
 -7.4237779e-02
 -1.8870381e-01
 -4.6520397e-01
  9.6203551e-02
  8.8750631e-02
 -6.2473090e-03
  3.7755319e-01
 -7.3129302e-01
  2.9749936e-01
 -2.3480725e-01
 -2.6161771e-02
 -5.0068688e-01
 -1.2257053e-01
 -6.6460632e-02
 -8.9083087e-01
  8.8410787e-02
  2.2809027e-01
 -9.8657444e-02
  7.2921091e-01
  9.9825698e-01
  4.5050856e-01
  5.9599108e-01
  1.6177227e+00
 -2.6364577e+00
  2.9268427e+00
  4.7052953e-01
  9.4320637e-01
 -1.2254429e-01
 -1.3731250e+00
  1.4884751e-01
  2.1195986e+00
 -1.5306004e+00
 -1.0860561e+00
  2.1576032e-01
  1.1708470e-01
  6.1991465e-01
  1.7039415e-01
  3.3256040e+00
 -6.7000216e-01
  1.8855241e-01
  4.3643266e-01
 -1.1420385e-01
  6.7763768e-02
 -3.6550078e-01
  1.7287296e+00
 -1.4192954e-01
 -3.0838543e-01
 -5.0297920e-02
 -4.0719662e-02
  1.5175517e-01
 -1.4422499e-01
 -1.1443444e+00
 -8.8156648e-02
 -1.1806384e-01
 -2.9470271e-01
  1.2718190e+00
  1.6273627e-02
 -2.9657370e-01
  9.5573294e-01
 -2.9285225e-01
 -2.5659129e-01
  2.1103549e-01
  6.5530199e-01
 -6.4256060e-01
  1.6926323e-01
 -3.3700567e-02
 -3.4202251e+00
  1.2013922e+00
 -2.6831415e-01
  4.2335579e-01
  5.7713732e-02
  1.0499986e+00
 -6.3055359e-02
 -9.6321160e-01
 -2.2761963e-01
 -2.7369446e-01
 -1.5351731e+00
  4.9543861e-01
  1.9832642e-01
 -3.7808187e-02
  5.4737203e-02
 -7.9718649e-02
 -2.6701844e+00
 -3.5486019e-01
  6.5481350e-02
 -1.5603563e-02
  1.0590162e+00
  1.2277389e-01
 -1.1317575e+00
  2.6677749e+00
 -4.0336448e-01
 -7.9314512e-01
 -2.3781477e-02
  1.3945683e+00
  2.7685910e-01
 -1.5315969e+00
 -2.5329101e-01
 -1.0662487e+00
  1.0737099e-01
 -1.9783439e-02
 -7.6577133e-01
 -9.7965890e-01
  1.4409426e-01
  2.6224591e-02
 -1.9904760e-01
  1.7013602e+00
  1.6373168e-01
 -5.0577873e-01
  7.3871185e-04
 -1.4772241e+00
  8.8955849e-02
 -3.8211462e-01
  3.8471395e-01
  8.0657142e-01
 -1.2859546e-01
  9.5913671e-02
  7.9320818e-02
  2.2351605e-01
  9.6565622e-01
  7.2118592e-01
  1.3395242e-01
  2.4598293e-01
  2.8499811e+00
  5.4200608e-01
  2.6941368e-01
  2.9338568e-02
  4.1707176e-01
 -5.0650004e-02
 -5.4786358e-02
 -3.3219624e-01
  2.0226331e-02
 -6.0318297e-01
  6.2199908e-01
  3.6886215e-02
 -4.8032868e-01
 -5.3294027e-01
 -3.4480464e-01
 -3.6248583e-02
 -7.6055700e-01
 -4.2282069e-01
  4.8630714e-01
  1.7821211e-01
  2.7287528e-01
 -6.7756170e-01
  5.4894900e-01
  1.2051296e+00
  1.0471293e-01
 -1.2593317e+00
 -6.2057178e-02
 -1.0520225e+00
  6.7902255e-01
 -8.3117652e-01
 -8.4126753e-01
 -7.0887834e-02
 -1.9621325e-01
  3.5579517e-01
 -3.0727422e-02
 -6.4543486e-01
 -3.6967939e-01
 -4.0996805e-01
 -1.5320110e-01
  4.4386789e-01
  1.0202116e+00
 -6.4841497e-01
  7.5819743e-01
 -8.9639080e-01
 -4.1976336e-02
 -1.4862859e+00
  4.8385271e-01
 -9.8470360e-01
 -6.8103814e-01
  3.0453351e-01
 -9.9245995e-01
  4.3981034e-01
 -2.2572193e-01
 -3.3964896e-01
 -1.4892396e-01
 -1.5735416e-02
 -9.9846274e-02
  7.3398523e-02
  1.3435186e-03
  3.8674346e-01
  8.2875949e-01
  1.7796917e-01
  9.3423486e-02
  6.1477493e-02
 -1.2416953e-01
 -1.5849367e-02
 -2.5249463e-01
 -4.4225264e-02
  5.5391070e-02
  4.8669513e-02
  9.7528823e-02
  1.8268557e-01
  1.5526794e-01
 -1.7913611e-01
 -2.3523342e-02
 -1.7799584e-02
  2.5001344e-01
 -2.1569505e-02
  1.1168962e-01
 -4.9252305e-02
  3.1561330e-02
 -4.0904582e-02
  1.2724331e-01
  5.9734084e-02
  1.1128204e-01
  1.1256237e-01
 -2.4199492e-01
 -3.4530738e-01
  2.4667597e-01
 -2.5959435e-01
 -1.4649819e-01
  3.2481456e-01
 -1.6395819e-03
  2.3434456e-01
  3.4806329e-01
  2.0203650e-02
 -4.7002980e-01
  5.4365194e-01
  1.2021203e-01
  1.5796976e-02
  1.7918040e-01
  5.1409286e-02
  3.5739785e-01
 -1.5401788e-01
 -2.0363134e-01
 -1.9902106e-02
  1.6829304e-02
  3.5335962e-02
  2.4971994e-02
  1.9086709e-03
 -1.4770986e-01
  1.4800693e+00
 -1.1919494e-01
 -2.0221066e-02
 -1.5538900e+00
 -1.8565429e-02
 -2.4023518e-01
 -1.4236194e+00
  8.1488031e-01
  3.1149166e-02
 -5.7748094e-02
 -1.5969099e-01
 -1.9207574e-02
 -1.0864533e-01
  5.8902339e-03
  9.5031723e-02
  2.6563713e-01
  2.7156144e-01
 -4.1672981e-01
 -2.9675770e-01
  5.3488231e-01
  7.3591294e-03
  2.0285586e-02
  2.3048431e-02
 -5.2641314e-01
  1.4195140e-01
 -7.4320786e-02
 -4.4808551e-03
  6.3221157e-02
  1.6658242e-01
 -2.4296412e-02
 -1.8207870e-02
  2.1998568e-02
  6.6958278e-02
 -7.3280282e-02
 -2.9507679e-01
  2.8504813e-01
 -4.3952856e-02
  2.8409982e-01
  9.1346912e-02
  1.7606007e-02
 -1.5788628e-02
 -2.4964107e-02
 -3.7570682e-01
 -3.4158498e-02
  5.9035230e-02
 -7.0042342e-02
 -1.9586010e-02
  6.8637884e-01
  3.1290695e-01
 -3.6595453e-02
  3.6956653e-01
  2.9963636e-01
  8.9258355e-01
 -2.9083753e-01
 -4.1973865e-01
  5.4304445e-01
 -8.6208731e-02
 -3.1349722e-01
  1.6978426e-01
 -9.4463080e-01
  6.5803355e-01
  3.7470284e-01
  8.0206794e-01
  5.7916838e-01
 -1.7785365e-02
  1.2520161e-01
  7.8199394e-02
 -8.1998253e-01
  1.7436831e-01
 -1.4885934e-01
 -1.2248082e-01
 -2.1065806e-01
 -6.3877560e-02
  6.6641919e-02
 -9.3547112e-01
 -1.3794724e+00
 -1.9027559e-01
 -6.8907309e-01
 -3.5246667e-02
 -2.9910460e-01
 -7.1295691e-01
  5.2849954e-01
  5.2001631e-01
 -1.2121452e+00
  2.1730579e-02
  1.1115879e+00
  2.0760573e-02
 -2.6494704e-02
  2.7487779e-01
 -2.9336259e-01
 -2.2712445e+00
 -4.4691999e-02
 -6.3991362e-01
 -6.2751198e-01
 -2.9480033e+00
  1.1178708e+00
 -1.2441600e-01
 -7.3777294e-01
 -9.5004696e-01
  4.4726852e-01
  7.7219599e-01
 -1.3883547e+00
 -1.6771268e+00
 -1.0388968e-01
  2.2445176e+00
 -7.6063611e-02
  4.5396289e-01
  9.6279120e-01
 -1.5788846e-01
  2.4642190e-02
  2.6131132e+00
 -5.1031347e-02
 -5.3074923e-03
  3.8300076e-01
 -2.7382970e-01
 -7.1203136e-01
 -1.3101912e+00
 -8.8334650e-02
 -8.8602692e-01
  1.1326716e-01
  7.3868376e-01
  1.4073966e+00
  1.9939397e-01
 -9.2448753e-01
  2.7101362e+00
 -2.6984148e-02
 -4.6636620e-01
 -5.7622081e-01
  2.9272084e+00
  1.0722860e+00
  1.6597397e+00
 -3.6404857e-01
 -1.2753882e-01
  5.8650360e-02
 -7.3239547e-01
  1.1413929e+00
 -1.0691545e+00
 -8.6056069e-02
  4.8617616e-01
 -6.1797560e-03
  5.9815831e-02
 -2.1909662e-01
  1.3801813e-01
  2.0558257e-01
  2.8917167e-01
 -7.1314625e-02
  1.3482174e-01
  7.4512082e-01
 -1.0426299e-01
  4.6695989e-01
  9.1452688e-01
 -6.3778687e-01
 -2.9164782e-01
  1.6955131e+00
 -1.1010189e-01
  6.6054809e-01
 -1.7861624e+00
  1.9268178e+00
  3.5574880e-01
  1.2864408e-01
 -1.3190530e-01
  3.7182373e-01
  5.3960669e-01
 -1.9228564e-01
  1.3209240e-01
 -2.5233528e-01
 -1.7900826e-01
  2.6497597e-01
 -6.3808723e-03
 -2.4109924e-01
  1.4754273e-01
 -3.5130283e-01
  2.4082063e-01
 -4.7672518e-02
  1.1794743e-01
  5.0389026e-03
  3.1197318e-01
  4.0914103e-01
 -1.5757744e+00
 -2.9869597e-02
 -2.3712378e+00
  2.6790300e-02
 -9.0630852e-02
 -1.6339484e-01
 -2.8368756e-02
 -3.8456831e-02
  1.7966498e-01
 -3.2768673e-03
 -5.6938849e-02
 -1.0104372e-01
  1.3082565e-01
  1.8793470e-01
 -2.4883363e-01
  1.2340034e-01
 -2.2713478e-01
 -1.8625461e-01
 -3.0891252e-01
  3.0422242e-02
 -3.1957874e-01
 -7.4959964e-02
  1.8060553e-01
 -1.3398486e-01
 -1.1088207e+00
 -1.6540763e+00
  7.7352917e-01
 -5.7717152e-02
  4.9370012e-01
  1.6942844e-01
  6.9115961e-01
 -2.0814581e-01
 -3.7079498e-02
  1.2320601e+00
  2.9312873e-01
  3.0464923e-01
 -4.6992743e-01
 -6.5151572e-02
 -2.8050819e-01
  1.1277029e-01
  1.3663873e-02
 -2.4214600e-01
 -9.7458042e-02
  1.1816196e+00
  2.8892450e-02
  1.6261414e-01
 -1.0354114e+00
 -5.5498999e-01
  7.4991934e-02
 -2.2685230e-01
  1.5803376e+00
 -6.6971597e-03
 -3.0450562e-01
 -2.4533367e-01
  2.1156137e-01
 -8.6381233e-01
  9.1008237e-03
 -3.8885024e-01
 -8.7074685e-01
  5.3485030e-01
 -1.1772423e-01
 -2.0832021e+00
 -8.6963195e-01
 -8.2560755e-02
  8.0767900e-02
  2.0404063e-02
  3.2029472e-02
  8.7657279e-01
  7.3115313e-01
  2.9183823e-01
  9.7622168e-01
  4.1225234e-01
  7.6449895e-01
 -2.8037157e+00
 -2.1436802e-01
 -5.4929994e-02
 -1.2632357e+00
 -1.6225959e-01
 -1.2114669e-01
 -1.7463300e+00
 -3.3684021e-01
 -1.1036170e-01
 -1.4733563e-01
 -7.9687136e-01
  1.0225229e-02
  4.3736119e-02
  1.6846922e-01
  4.7410545e-01
  1.6068421e-01
  3.8288847e-01
  5.8098149e-01
 -2.0242909e-01
  3.2191906e-02
 -5.1162589e-01
  6.7096275e-01
  1.0315329e+00
 -1.0964175e-01
  1.2867096e-01
  5.0383139e-01
 -1.0898773e-01
 -1.1367775e-01
  5.7521790e-02
  1.1197683e-01
 -8.4509589e-03
  1.1400627e+00
  3.7153658e-01
 -8.4974460e-02
  8.2579106e-02
  2.6930821e-01
 -9.5535390e-02
 -3.5052774e+00
  1.4266892e-01
  2.1572147e-01
  1.0657126e+00
  3.1495449e-01
  2.1827720e-01
  1.3038957e-02
 -4.5167100e-01
  5.9764522e-01
 -1.3369166e-02
  7.2071128e-02
 -2.9678386e-01
 -8.5032191e-03
 -6.7415856e-02
  2.3710185e-01
 -4.1217303e-01
  2.9855847e-01
  3.9141777e-01
 -2.8171918e-01
  3.3167192e-01
 -2.7457187e-01
  2.8708193e-02
 -1.1807101e-01
 -2.1522162e+00
  8.2496721e-01
 -4.2774233e-01
  7.8431800e-02
 -2.6062885e-01
  9.4252831e-01
  1.0751665e-01
  6.5192950e-01
  1.9232203e-01
 -5.4104418e-01
 -3.1882736e-01
  1.0050675e+00
  1.0341051e+00
 -1.1543375e+00
 -4.4288832e-01
 -1.6842588e+00
  3.8789916e-03
  3.9928228e-01
  1.4592667e-01
  2.6882160e-01
 -2.7858540e-01
  1.5018151e-02
  1.2973516e-01
 -7.6423533e-02
  7.8763229e-01
  4.2096078e-01
 -4.8252663e-01
 -2.8549567e-02
  7.2121709e-03
 -5.2545154e-01
  2.7100358e+00
  1.7624541e-01
 -2.5530770e-01
  6.3700131e-03
 -2.3216151e-01
  7.1499920e-01
  3.3157912e-01
 -3.0612397e-01
 -2.7785337e-01
  5.9975576e-01
 -4.6022996e-02
 -1.3497436e-01
 -1.7178473e-01
  6.6214347e-01
  1.0804603e-01
  8.6233974e-01
  7.9408534e-02
 -3.2058649e-02
 -1.1097641e-01
  9.7709417e-02
 -7.1421511e-02
 -5.8055139e-01
 -2.2054546e-01
  1.1753420e-01
  1.2399027e-01
 -4.5065717e-03
  8.7026376e-01
 -3.3980221e-01
 -1.7989172e-01
 -2.4872191e-01
 -1.9054610e-01
  2.4561692e-02
  1.7692508e-01
 -9.5741645e-02
  8.7224275e-02
  3.1590167e-01
  6.8700030e-02
  1.5511957e-01
 -2.6210535e-01
 -3.3602633e-02
  2.2224860e-01
  1.2814972e-01
 -4.7810310e-01
 -2.4687722e-01
 -5.5726174e-02
  2.1897927e-01
 -1.4219108e-01
 -1.5414786e-01
  2.7314946e-01
 -3.4555027e-01
  1.7060946e-01
 -2.3062780e-01
  3.1367233e-01
 -6.5590687e-02
 -7.5714052e-02
  7.1989971e-01
  3.2204634e-01
  7.2136682e-01
  1.1730109e+00
  7.0427507e-02
  1.5506768e-01
 -5.2373767e-02
  3.9648274e-01
 -1.3529998e-01
 -3.5223033e-02
 -4.7398494e-03
  1.3841105e-01
  5.9926800e-02
  2.5522676e-01
  4.0025666e-01
  1.9267832e+00
 -3.7135560e-02
 -2.3714873e-01
  5.9176779e-01
 -9.8339146e-01
  1.4190443e-01
 -3.4259334e-01
 -4.7351964e-02
 -4.8396993e-01
  2.1600631e-01
 -4.2621329e-02
  5.0600630e-01
  9.9640295e-02
 -4.5843043e+00
 -1.7413844e+00
  4.9619195e-01
 -1.1200825e-01
  9.0181381e-01
  4.8723710e-01
  1.5033516e+00
 -1.2660695e+00
  5.6986772e-02
  3.9083496e-02
  2.0303904e-01
 -3.9158902e-01
 -3.0924428e-01
 -5.2478176e-01
 -9.8992474e-02
 -1.3309525e-01
  6.9017547e-01
  1.1346236e-01
  2.2787857e-01
  2.3925033e-01
 -3.3161879e-02
 -2.3279900e-03
  2.3157731e-02
 -1.0112669e-01
  2.1150203e-01
 -1.2684633e-01
  2.2724915e-01
 -2.0251904e-01
 -5.2617145e-01
  7.7592365e-02
  1.3483912e+00
  4.4807932e-01
 -3.3686733e-01
 -2.9412243e+00
  7.5266290e-01
  3.4363437e-02
 -5.9216970e-01
  8.0435067e-01
  2.9071143e-01
 -1.5635933e-01
  3.4946289e-02
  5.2592877e-02
  5.9784275e-02
  3.6053780e-01
  1.9199945e-01
  1.5005295e-02
 -1.1685228e-01
 -3.0027446e-01
 -3.2117262e-02
  8.0256172e-02
  9.3597099e-02
  8.2005464e-02
 -1.1894228e-02
 -9.2626996e-03
 -3.1925630e-02
  5.0906278e-02
  8.5521495e-01
  1.2009492e-01
  4.1845155e-01
  4.0934687e-03
 -1.5314636e-01
  1.2028913e+00
 -9.8077226e-01
  8.9132652e-02
  5.8705863e-02
 -5.9560579e-01
 -1.1195751e-01
  1.7138390e-01
 -5.5932406e-02
 -1.8796661e-01
  4.7702044e-03
 -1.7687541e-02
  1.1666820e-01
  1.2727039e-01
  7.2707021e-01
  8.0582956e-03
 -2.7336514e-02
 -3.0389357e-02
  3.2253006e-01
 -8.1662022e-02
  7.9724824e-01
 -1.3280629e-01
 -3.5285637e-01
 -5.5702765e-02
  1.1205872e-01
  6.7900524e-02
 -4.9980511e-03
 -7.3109858e-02
 -1.5442288e-01
  2.8221348e-01
 -1.3333298e-01
 -1.9796535e-01
 -8.4988363e-02
 -2.6357377e-01
 -4.2209007e-02
 -1.9761853e-01
  3.8341475e-01
 -1.3148360e-01
 -1.7062531e-01
 -9.4194107e-02
 -5.7496047e-01
 -5.3178263e-03
 -2.8133132e-02
 -1.0846416e-01
 -9.1862261e-02
  1.2033366e-01
  2.7439472e-01
  2.5065756e-01
 -1.2806457e-02
  9.1299176e-01
  1.3925566e-01
 -2.2572733e-01
  1.2301815e-01
  7.6159114e-01
 -1.1247788e-01
 -2.0150806e-01
  1.2047605e-01
  1.2739085e-02
  4.9620393e-01
 -8.0605328e-02
  4.1601281e-03
  1.5223648e-01
 -2.3500289e-01
  6.4879432e-02
 -2.6304594e-01
  1.9651723e-01
  2.0745698e-01
 -3.8630269e-02
  1.3915443e-01
 -1.1671399e-01
 -1.8018574e-01
 -6.0839325e-02
  7.8865767e-02
  2.0807767e-02
  3.0192989e-01
 -8.8595502e-02
  1.0940410e-01
  2.1479027e-02
 -6.3507900e-02
  5.5525105e-02
  2.2754532e-01
  8.0265336e-02
 -7.9916909e-02
  6.4398167e-03
  2.3970310e-01
 -5.6620874e-02
  6.5540552e-01
 -5.0696594e-01
  1.2990671e+00
  9.9513859e-02
  2.6329758e+00
  2.2005501e-01
 -3.9497178e-02
 -1.3353987e-01
 -4.0010586e-01
  1.3255988e+00
 -2.4304232e-02
  9.2769712e-01
 -1.2161793e+00
 -1.5388851e+00
  3.8274464e-01
 -1.2871702e+00
 -2.7406422e-02
  4.7877660e-01
 -7.5059317e-02
 -5.6116951e-01
  4.3607184e-01
  2.8480393e-01
 -1.2129928e+00
  1.1742081e-01
  5.1490623e-01
  1.1522108e-01
  1.7327614e-01
  1.5952121e-01
 -6.3605523e-01
  1.4628221e+00
  1.0220867e+00
 -8.1207448e-01
 -8.1740969e-01
  1.5747650e-02
 -1.9599237e-01
 -3.3595076e+00
  1.0419945e-02
  1.5287502e-01
 -1.3451622e-01
  1.6477477e-02
 -4.1047826e-01
 -6.6614593e-03
  5.7304397e-02
 -7.7607036e-02
 -1.4307665e-03
 -8.8032097e-01
  1.8303205e-01
  9.5890962e-02
  2.6434672e-01
  3.1894024e-02
  1.5891531e-01
  2.6134238e-01
 -1.2944704e-01
  1.3233948e-02
 -7.7902831e-02
 -5.3932500e-01
 -2.4452323e-02
  2.2866993e-01
  1.0055271e-01
 -4.3040678e-02
  1.1066095e-01
  1.2413220e-01
 -1.0651835e-01
  2.4153823e-01
  2.0159011e-01
 -3.8566577e-01
 -5.9650518e-02
 -1.4437791e-02
  8.2737997e-02
  1.0908522e-01
 -2.3177689e-01
 -2.6099533e-01
 -2.9847297e-01
 -4.7532427e-01
 -1.7271750e-01
  1.8948990e-01
  1.7713855e-01
 -2.9896429e-01
 -6.9826722e-01
  1.2974837e+00
 -1.1315893e-01
 -8.7570715e-01
 -4.2676151e-01
 -1.5216105e-01
 -2.2372670e-01
 -2.9718560e-01
 -7.4597782e-01
  8.0296016e-01
  6.6297948e-02
 -2.1306473e-01
 -5.2739877e-02
  4.2023901e-02
  2.2671847e-01
  1.2211218e-01
  1.9941938e-01
 -5.6120120e-02
 -8.8721342e-02
  5.0968713e-01
 -1.0849254e-01
  2.2425108e-01
  1.2198837e+00
  1.9553649e-01
 -7.0907503e-02
 -2.9933357e-01
  3.3019748e-01
  9.2112765e-02
 -3.1116465e-01
  8.9587048e-02
  1.2916775e-01
  4.8917539e-02
  2.3114091e-01
 -4.0242860e-01
 -5.1324284e-01
 -8.8480568e-01
  1.5499030e+00
 -7.7268428e-01
 -1.3192950e-01
  3.5957211e-01
  4.8864609e-01
 -8.5789180e-01
  1.2925603e+00
 -1.3245471e-01
  2.8742296e-01
  2.7982856e-03
  2.8711379e-01
  6.9772100e-01
  3.1578684e-01
 -9.6325748e-02
 -1.5775956e-02
  1.3197994e-01
 -2.7042663e-01
  4.6417572e-02
 -8.9758819e-01
  2.5372004e-02
 -3.6965054e-02
  2.0581290e-01
  4.1253796e-01
  4.1540128e-01
 -8.3357334e-02
  6.0814899e-01
  6.5513843e-01
 -2.6698852e-01
 -1.6291186e-01
  3.7993777e-01
  1.0430957e-01
  1.0938765e-01
 -1.3371360e-01
  1.3271785e-01
 -1.1405785e-02
 -2.1666703e-01
 -2.0004764e-01
  3.4977831e-02
  4.1782606e-01
 -8.8312680e-01
  4.8396280e-03
 -2.9536772e-01
 -7.4447030e-01
 -3.7827173e-01
 -6.8101770e-01
  5.1635998e-01
 -8.5896862e-01
  9.3538338e-01
 -8.7266165e-01
  4.2682251e-01
  1.2025512e+00
  2.3117431e-01
 -5.5572920e-02
  3.9980480e-01
  4.1371305e-02
 -2.2931381e-01
  1.3036010e-01
  1.5307338e+00
  1.6145054e-01
 -7.9094827e-02
  1.2966926e-01
 -3.0269518e-01
  2.4640095e-01
 -1.0524262e+00
 -1.7645581e-01
 -2.3554988e-01
 -6.5395135e-01
 -6.8699256e-02
  2.9578161e-01
 -5.0208157e-01
 -3.2055390e-01
 -2.9396781e-01
 -1.0668586e-01
 -1.6816311e-01
  8.5762385e-03
 -1.3517407e+00
 -1.8180919e-01
  2.9032111e-01
 -1.7676505e-01
  2.1293432e-01
  1.9583236e-02
 -1.7336115e-01
 -1.0687982e-02
 -5.5372011e-02
  1.2104551e-02
 -2.1771918e-01
 -7.3428899e-02
  1.5457255e-01
  9.4486547e-01
 -1.5148963e-01
 -1.5624993e-01
  1.7713919e-02
 -6.8818845e-02
 -1.3079706e-01
 -1.4724037e-01
  1.7655949e-01
 -1.0537114e-01
 -1.8761225e-01
 -7.3484987e-02
 -1.0579785e-01
 -1.1703694e-01
  2.3474731e-03
 -7.1950816e-02
  1.0261735e-01
  5.2897874e-02
  4.3264270e-02
  7.7285379e-02
  1.3558447e-01
  7.4194983e-02
 -1.2068626e-02
 -1.8490842e-02
  5.0566353e-02
  4.7592551e-01
  2.3609042e-02
 -3.7757525e-01
  5.9011333e-02
 -5.5215138e-01
  4.9200970e-01
 -2.4271202e-01
  4.8841871e-02
  2.0173606e-01
  1.6479975e-02
  9.2173889e-02
  1.1996861e-01
  4.1572759e-03
  7.8421474e-02
 -9.2372499e-02
  3.1897400e-02
 -3.4063723e-02
  6.4726353e-02
  6.8691567e-02
 -1.9742386e-01
  2.4856684e-01
  9.3699783e-02
  2.5021204e-01
 -1.3965195e-01
  2.0913331e-01
 -3.3549342e-02
 -3.7581179e-02
 -8.8372491e-02
 -2.4265997e-02
  2.0790325e-01
  7.5482912e-02
 -2.8182951e-01
 -2.2011192e-01
  1.3131349e-01
  1.0306671e-01
  1.1968220e-01
 -6.4074707e-01
 -1.3414100e+00
 -1.2164383e-01
  5.5297863e-01
  4.9580640e-01
 -6.8689251e-01
 -5.2075434e-01
 -8.7337452e-01
 -4.9041320e-02
 -1.4913826e+00
  5.8331411e-02
 -5.4430175e-01
  1.6083309e-01
  3.3843644e-02
 -3.6635250e-02
 -3.4830019e-02
  1.8619840e-01
  1.3962923e-01
  1.5252918e+00
 -3.8275877e-03
  6.1318064e-01
 -8.6547714e-01
  7.7074662e-02
 -2.3933937e-01
  1.6521211e-01
  2.3911241e-01
  8.5428512e-01
 -2.5187239e-01
 -1.2065437e-01
 -1.9737200e-01
  8.1389345e-02
 -2.1189679e-01
 -1.9388470e-01
 -1.6495970e+00
  3.4585785e-02
  1.0649633e-01
 -2.1847732e-02
 -3.5479203e-01
  2.5703594e-02
  5.6654632e-02
 -1.9247189e-01
 -5.9820857e-02
 -7.0855665e-01
  6.5621889e-01
  2.5180021e-01
  8.8413350e-02
  3.0951801e-01
  1.7680992e-01
  8.8436931e-02
  3.2172974e-02
  2.3368727e-02
 -9.8089017e-02
  4.3928856e-03
  1.8983333e-01
  1.2051093e-02
  1.5033723e-01
 -7.9051983e-03
  1.3948828e-01
 -1.0159288e-01
  1.5466538e-01
 -5.7906900e-02
  4.6874315e-02
  9.2969477e-01
  3.7844673e-02
  8.4774566e-01
 -3.3268216e-01
 -1.2353574e-01
 -1.1342300e-02
  1.8698946e-01
 -2.7927339e-01
 -3.7364829e-02
 -6.8717629e-02
  6.3125469e-02
 -2.6823613e-01
 -3.7497822e-03
  3.4315851e-01
  1.8882601e-02
 -6.3673699e-01
 -1.7183039e-01
 -3.1030035e-01
 -8.3055228e-02
  2.3238747e-01
 -4.7469422e-02
  1.7775768e-01
  1.6639334e-01
 -1.0449881e-01
 -9.9588610e-02
  2.3686927e-02
 -1.4554128e-02
  1.5337364e-01
  6.0264575e-01
  6.8888448e-02
  1.0011735e-01
 -9.2758715e-02
  2.4752351e-03
  3.0176562e-01
  1.4595727e+00
 -1.3461670e-01
  6.0931999e-02
  1.3348292e-01
  2.1192461e-02
 -1.2733570e-01
  7.2546679e-01
 -7.8768277e-01
  1.0220162e-01
 -1.2672236e-02
 -3.7370554e-01
  3.5181078e-01
 -4.0580827e-01
 -2.3764694e-01
 -7.2438858e-02
  4.1249424e-01
 -2.7807379e-01
  2.0237237e-01
  1.1860749e+00
 -5.3752315e-01
  5.6974411e-01
  4.5320594e-01
 -2.8880391e-02
 -1.6748154e-03
 -1.1372931e+00
  5.9650254e-01
  5.8828378e-01
  5.6515598e-01
 -9.6996598e-02
 -1.9585991e-01
 -2.2323819e-01
 -9.0479726e-01
  1.8993257e-01
 -1.2266812e-01
 -3.0800965e-01
 -5.8675513e-02
  9.2439324e-02
 -2.9284716e-02
 -4.5741373e-01
  1.4094436e-02
  1.6627965e+00
 -5.5362873e-02
 -2.0344475e-01
 -9.1603458e-02
 -3.2008252e-01
 -5.2072769e-03
  2.5481620e-01
  2.5967250e-02
  4.4044908e-02
 -1.1333224e+00
  5.1246308e-02
 -1.6416994e-01
  6.0312945e-01
  9.1966942e-02
 -1.0152882e-01
  5.1098692e-01
  7.4176222e-02
  7.5378716e-02
 -2.2849299e-01
 -6.5413617e-02
 -1.8536678e-01
 -3.0068606e-01
  1.0530473e-01
  3.0589011e-01
 -2.0721312e-01
  6.8320610e-02
 -8.0979042e-02
  3.4968686e-01
  5.1758215e-02
 -3.2704130e-02
 -2.0464960e-02
  1.3769230e-01
  7.0062622e-02
 -1.4486937e-01
 -1.3857090e-01
 -4.3864584e-01
 -7.6473393e-02
 -1.5282372e-01
  2.9548891e-02
 -2.4216412e-02
  8.8962033e-02
  2.7913678e-02
 -3.4652278e-01
 -1.0704803e-01
 -5.9523378e-02
  6.8060830e-02
  4.4069048e-02
 -9.9807922e-03
  1.6267735e-01
  4.2140331e-02
  2.1571253e-01
 -1.1015631e-01
 -3.6982596e-01
  6.9911861e-01
 -2.5740045e-01
 -1.3815631e+00
 -5.2894551e-02
 -1.5895589e-01
 -2.8049812e-01
 -1.0641342e-01
 -3.3224870e-02
 -5.0116222e-02
  3.8730919e-01
  1.5002145e-01
  1.3012423e-01
 -7.0264347e-02
  1.1788862e-01
  1.0718211e-01
 -1.6835476e-01
  5.1191533e-01
 -2.5468796e-01
 -5.6260910e-02
  5.3459164e-02
 -3.7593672e-01
 -7.7073261e-02
 -3.6967449e-02
  3.6617052e-02
 -2.8197983e-01
 -1.0553889e-01
 -3.3293307e-01
  9.7351037e-02
  4.8385020e-03
 -2.4344960e-01
  5.9331185e-01
  3.6055726e-01
 -1.8264550e-01
  1.2722678e-01
  2.1133521e-01
  9.1202883e-03
 -4.9810848e-01
  3.8290605e-01
  2.2484985e-01
  3.0501449e-02
 -7.2109818e-02
  3.7323892e-01
  1.5390440e-02
 -3.4054670e-01
 -3.5175940e-01
 -8.9879282e-02
  5.7601955e-02
  1.4938131e-01
 -5.4422997e-02
  6.1634522e-02
 -2.7201921e-02
  8.6410321e-02
  2.5735343e-02
  1.7241617e-01
  1.8620339e-01
 -1.0270395e-01
  1.0151786e-02
  2.8108841e-01
  1.9211462e-01
  8.3545707e-02
  3.9834908e-01
 -9.5200306e-03
  6.3586928e-02
 -1.5033937e-01
 -3.8446853e-01
  1.8162854e-01
 -1.0880890e-01
 -2.5277750e+00
  1.6447229e+00
  7.1786034e-01
  8.5368019e-01
 -2.1151463e-02
  1.8952488e+00
 -1.3464701e+00
  1.2691279e-01
 -6.9729376e-01
  9.7849458e-01
  1.2728430e-01
 -3.2002996e-03
  5.1864743e-01
 -8.1797606e-01
 -3.4329242e-01
 -1.0482625e+00
 -5.9736323e-01
  6.7077868e-02
  2.4058823e-02
  4.9272287e-01
  7.0205683e-01
 -1.1321357e+00
 -1.6515976e+00
  4.5917162e-01
  7.9097176e-01
  2.4332120e-01
  2.7914675e-02
 -1.8565178e-01
  7.3049247e-02
  1.1160037e-01
  9.9455930e-02
  1.2372167e-01
  1.5812596e+00
  1.1385820e+00
  2.1298802e-01
 -7.6606232e-01
  1.1759185e+00
  3.8423780e-01
 -7.2670572e-02
 -2.4160139e-01
  8.2966083e-01
 -7.7551854e-01
  1.9695070e-01
 -4.5469752e-01
  1.4799620e-01
 -7.5634712e-01
 -1.1201658e-01
  2.2143811e-02
  6.6476142e-01
  6.4164609e-01
  7.0347145e-02
  3.1747633e-01
  1.8819562e+00
 -6.9191203e-02
 -6.8747588e-02
  3.8172692e-02
  2.5761825e-01
  2.2029523e-02
  2.1370025e-01
  2.0900407e-01
  3.6680782e-01
  1.0322744e-01
 -4.0452236e-01
  2.1267331e-01
 -8.1706280e-04
  5.4684931e-01
  2.6439929e-01
  1.9571340e-01
  5.4417975e-02
 -9.0923727e-02
  1.1713886e-01
  7.9490088e-02
  3.7193263e-01
 -6.9673486e-02
  4.3613818e-01
 -6.7052543e-02
  7.7314705e-01
  1.2949932e+00
  4.4555289e-01
 -2.2254560e-02
  2.2919481e-01
  1.0706898e+00
  7.3295611e-01
  5.1552653e-02
  4.1624447e-03
 -1.3754746e-01
 -3.3876118e-01
  5.5608398e-01
 -1.0089097e+00
 -7.8459126e-01
  3.6186613e-02
 -4.8785821e-02
  2.4066074e-02
 -1.7621125e-01
  6.5837987e-02
  2.1551667e-01
  3.5607718e-02
 -7.9690677e-01
 -2.5025746e-02
  1.7776867e-02
 -9.2539169e-02
 -7.6182336e-03
 -1.2080301e+00
  4.3609980e-01
 -1.0447946e+00
  2.7104935e-01
 -4.3551558e-01
  4.6082437e-02
 -2.7258915e-01
  8.3293915e-01
  4.5908052e-01
  2.2688630e-01
 -1.5034097e-02
 -1.0335425e-01
 -6.3303721e-01
  2.0774344e-03
  2.5780457e-01
  9.9740267e-01
 -2.0411955e-02
 -1.4838769e+00
  4.8602130e-02
 -6.2013876e-01
  3.7616566e-02
  2.4124356e-01
 -1.3019358e-02
 -3.6436602e-02
  2.3801401e-01
 -6.6165724e-03
  5.0086182e-01
  2.3116259e-01
 -1.9872645e-01
  3.1429663e-01
  3.9392582e-01
 -1.1813322e-01
  6.8094447e-02
 -1.3320114e-01
 -1.0705521e-01
  3.3911988e-02
 -6.7233779e-02
  3.2432908e-01
 -6.6064056e-03
 -1.7535601e+00
  2.7368960e-01
 -1.2353016e-01
 -6.9942899e-02
  5.1900437e-03
  2.5076685e-02
  9.4130166e-02
 -5.5927145e-01
 -1.3567778e-01
  4.8762150e-02
  1.2501782e-01
 -2.8328037e-01
 -4.4758517e-02
 -1.9674699e-01
 -3.9739877e-01
  6.3372886e-01
 -7.0685005e-01
  8.6828727e-01
 -1.6580856e-01
  1.0487001e-01
 -3.1965077e-01
  6.8027428e-03
 -2.5815758e-01
 -3.4604281e-01
  6.4146101e-01
 -3.4776548e-01
 -2.7846932e-02
  2.5187505e-02
  1.2014242e-02
 -7.5216152e-02
  3.2751715e-01
 -4.8384615e-03
  2.9915896e-01
 -1.5051035e-02
  3.9684813e-02
 -2.0431855e+00
 -5.3187586e-02
 -1.3863243e-01
 -1.2760818e-02
 -5.7455957e-02
 -2.8885144e-01
  7.2107273e-01
 -6.4187355e-02
 -5.4644160e-02
  1.6999936e-01
 -1.5892483e-02
  7.8586715e-01
 -8.0789849e-02
 -6.6049290e-01
  3.8534332e-02
  3.1345072e-01
 -1.9475198e-01
 -3.0906197e-01
 -2.2969749e+00
  1.2113558e+00
  2.6832461e+00
  8.1923038e-01
 -1.3385570e+00
 -1.8904553e-01
  8.1765187e-01
  1.5103374e-01
  2.7156276e-01
 -1.1063710e-01
 -4.2990562e-02
  1.5318565e-01
  1.7385720e-01
  1.4256033e-01
 -4.4868639e-01
 -4.1728318e-01
  2.8425542e-01
  2.7089429e-01
 -1.8265748e-01
 -6.2292662e-02
 -1.2948458e-01
 -3.5961950e-01
  1.2586834e-01
 -1.7490917e-01
 -4.5854680e-02
 -5.6966591e-01
 -1.1427593e+00
  4.9044895e-01
 -5.6035459e-02
  3.9048976e-01
  6.6195160e-01
 -1.2309377e-01
 -8.8284938e-03
  5.8423299e-01
  8.8660997e-01
  1.4242207e-01
 -1.4601593e-01
  3.5620993e-01
 -5.9278554e-01
 -7.3173356e-01
 -6.8684772e-02
 -3.2705700e-01
  5.8815248e-02
 -2.6870638e-01
 -1.9561203e-01
 -4.1640854e-01
 -1.6438249e-01
  3.0972117e-01
  1.1817184e-01
 -4.7623050e-01
  3.5188776e-01
  4.8083499e-02
  7.4263774e-03
  2.7575558e-01
  8.0454297e-02
 -4.9116057e-01
  8.7090963e-01
 -3.4507865e-01
 -3.7790430e-01
 -1.6446349e-01
 -6.5147388e-01
 -3.7602249e-01
  7.1365751e-02
  3.2067534e-01
  5.3174675e-01
  9.4636781e-03
 -4.2894021e-01
  5.3807225e+00
  9.3880552e-01
 -1.8450215e+00
 -1.6293170e+00
 -4.9854956e+00
  7.4918890e-01
 -4.3694678e-01
  1.3216184e+00
 -3.1213252e-02
 -4.0611976e-01
  1.1327420e-02
  3.7635437e-01
 -6.1692899e-01
  6.2041950e-01
  2.2572083e-02
  4.3011713e-01
  5.7085041e-02
  7.8846224e-02
  9.1945596e-02
 -4.7421366e-02
 -1.1665870e-02
  4.3521267e-01
 -3.1928760e-01
 -2.9797128e-01
 -1.6100064e-01
 -5.6896891e-02
  5.6303404e-02
 -1.8967985e-01
 -1.5517522e-01
 -1.1007090e+00
 -2.4711607e-01
  2.6780969e-01
  3.5394859e-01
 -1.9585562e-01
  1.9971342e-01
 -6.7440224e-01
 -7.6851584e-02
 -8.0195755e-02
  1.6255389e-01
 -3.9846152e-01
 -7.5875752e-02
 -1.6440177e-01
 -6.8656242e-01
  2.2598355e-01
  1.5164778e-01
  2.0695794e-01
 -1.1459807e-01
 -1.6631378e-01
  5.2637689e-02
  2.5972715e-01
  4.1343302e-01
  2.4640252e-01
 -1.9409674e-01
 -1.0813458e-01
  1.3727532e-01
 -1.1140803e+00
  5.3121194e-02
 -6.0786564e-02
  3.6806799e-03
  8.1400789e-02
  2.2422820e-02
 -4.4612825e-02
 -2.4311420e-02
 -1.8024705e-01
 -2.1196991e-02
  4.9546782e-02
  1.8687615e-01
  2.7862197e-01
 -1.3682115e-01
  6.2141358e-03
 -2.2034512e-01
 -1.0209135e-01
  1.1797127e-02
  6.8435341e-01
  1.8205844e-01
 -1.8175025e-01
 -4.4421268e-01
  1.6726453e-02
 -4.2249005e-02
  1.2299798e-01
 -1.0995445e+00
  1.2625295e-02
  2.6935634e-01
  4.1055006e-01
 -2.1802907e-01
  5.7960081e-01
 -1.1758588e-02
  6.9278561e-02
 -3.6871746e-01
  1.1516794e+00
 -4.2391632e-02
  2.7763095e-01
 -9.0524435e-01
  1.0869569e-01
 -1.2929516e-01
 -2.4459660e-01
 -4.5036006e-01
  7.9733707e-02
  2.9716372e-01
 -2.7878276e-01
  2.4794805e-01
 -9.3832761e-03
  2.1606458e-03
 -2.4060337e-01
 -6.1819062e-02
 -2.3362508e-01
 -5.9522070e-02
  5.3589776e-02
 -9.8346448e-01
  5.2105749e-01
  9.0528023e-01
  2.1285726e-02
  4.2593271e-02
  9.3868777e-02
 -5.9630174e-02
  5.5470473e-01
  1.1400249e+00
  1.5449842e+00
  3.9457723e-01
 -1.6195186e+00
 -1.3926502e+00
 -2.6844766e-02
  1.6433997e-01
  4.5985817e-03
  7.7552684e-02
  1.8656410e+00
 -1.5707649e-01
 -5.2537784e-02
 -3.3732112e-02
 -1.4252492e+00
 -2.2775698e-01
  1.8115889e-01
  4.9693072e-01
  1.0459772e+00
  3.9681271e-01
  9.8249890e-02
 -1.9777037e-01
  7.9627492e-02
  1.3898040e-01
 -7.3394811e-01
  2.9884690e-01
  3.1759909e-01
  5.7992965e-02
  1.9596978e+00
 -1.7973433e-01
  3.2051528e-01
 -3.9865129e-02
  2.4830882e-01
  1.9527556e-01
  1.4963888e-01
 -9.8684424e-01
 -1.6634874e-02
  4.1593343e-01
  6.1889726e-01
  4.4143733e-01
 -6.5972263e-01
  3.7669335e-02
  1.2293326e+00
  2.7433744e-01
 -1.0155202e+00
 -3.7433764e-01
  5.0093120e-01
  1.1329724e+00
 -1.0070025e+00
  8.8563912e-02
  4.9897346e-01
  7.1461874e-01
 -3.8216561e-01
  1.1152072e+00
  8.0943286e-02
  2.2827752e-01
 -2.6568279e-01
 -1.0290615e-01
 -3.7855115e-02
 -5.0231522e-01
  1.6715576e-01
  3.0696023e-01
 -2.8993005e-01
 -7.9871404e-01
  3.6306533e-01
 -1.2898233e+00
 -2.6645234e-01
  5.2184111e-01
 -4.3329152e-01
 -1.2690475e+00
 -1.4502362e+00
  9.9252027e-01
  1.5296758e+00
 -6.8152472e-03
 -1.0779588e+00
 -5.7677981e-02
  1.0482599e+00
  2.0702612e+00
  7.4802887e+02
 -2.0936186e+00
 -2.3601875e+00
  8.9970112e-01
  1.6819121e-01
 -2.1678483e+00
 -1.1549995e+00
 -2.0653151e-02
  1.1850293e+00
 -8.8855904e-01
 -6.9019097e-01
 -2.7568790e-01
 -9.3319230e-03
 -1.1275049e-01
  7.2496539e-01
 -2.4539905e+00
 -9.3431592e-01
 -5.6744695e-01
 -4.1989702e-01
  9.3393135e-01
 -6.8659401e-01
 -1.8954065e-01
 -1.4541445e+00
  2.1887088e+00
  2.1277066e-01
  3.4124676e-02
 -3.0846265e-01
 -1.6662772e-01
 -1.2021632e-01
  8.9449149e-01
 -2.7119217e+00
  2.2419566e-01
  1.0950565e+00
 -2.5363238e+00
  8.1340349e-01
  1.4055597e+00
  8.8957268e-01
 -2.3926175e-01
 -1.5930271e+00
  1.6406734e-01
 -5.2887164e-02
  1.1633235e+00
  7.5935876e-01
  2.3333873e-01
 -1.3029052e+00
  5.0148029e-02
  4.6105382e-01
 -9.7287062e-04
  3.3134469e-01
 -1.2170930e+00
  1.5763140e+00
 -3.2094150e+00
 -1.1338955e+00
  1.6250513e+00
  6.4547992e-01
 -4.9871597e-01
 -7.0245081e-01
 -1.7273266e+00
  9.5230423e-02
  2.1234575e-01
  1.7116439e+00
  1.2338789e+00
 -1.4841464e-01
  1.0128063e+00
  6.9331624e-02
  5.0407905e-02
  6.6261613e-01
 -6.6593152e-01
  7.5450480e-01
 -1.3457019e+00
 -7.7948064e-02
  1.4697781e+00
 -1.2075831e+00
  1.8677610e+00
  1.0131866e-01
 -8.0052108e-02
  1.7998825e+00
 -1.9351591e+00
 -2.7585702e+00
  1.9624342e+00
  1.3237205e+00
  1.5287617e+00
  2.5804642e-01
  1.1221945e+00
  3.9314330e-01
 -7.6801097e-01
  1.1034673e+00
  1.0219930e+00
 -9.8381257e-01
  3.9285207e-01
  1.5201831e+00
 -1.9292198e-01
  5.5998194e-01
 -4.9891162e-01
  1.9025300e+00
  2.2237782e+00
  7.2137207e-01
 -1.5435252e-01
  6.6764235e-01
 -1.5988080e-01
  1.4091985e+00
 -9.5868027e-01
 -1.3089700e-01
  8.8049227e-01
  2.3565750e+00
 -4.4117454e-01
 -7.4947335e-02
 -1.2883230e+00
 -2.8120697e+00
  5.1265370e-02
 -2.0716575e-01
  4.8770425e-01
 -1.0334080e-01
  3.0637351e-01
  1.0499875e-01
  7.2233927e-01
  9.0879595e-01
  4.2832717e-01
 -6.5633732e-01
  1.0521944e-01
  3.8896462e-01
 -1.4290659e+00
  1.0426846e+00
 -1.3824439e+00
 -5.3932709e-01
  1.6005346e-01
  1.4847934e-03
 -1.2390838e+00
 -5.3826314e-03
 -4.2152837e-02
 -1.2605329e+00
  3.1225190e+00
 -9.5769167e-01
  1.2002807e+00
 -7.7285981e-01
 -1.7412384e-01
 -5.8643147e-03
  2.4033060e+00
  7.0109034e-01
 -1.1344892e+00
 -2.2987247e-01
  1.9120790e+00
  5.0666195e-01
  5.7120144e-01
 -1.1673410e+00
  1.1802776e+00
 -3.6324584e-01
  1.7518334e-01
  1.5985541e+00
 -2.9355834e+00
 -7.0091820e-01
 -7.6087844e-01
  1.5004592e-01
  3.5258642e-01
 -7.4409634e-01
  1.4603806e-01
  6.3322473e-01
 -2.4706917e-01
  4.8959637e+00
 -2.1543055e+00
  1.4125103e+00
 -1.2451352e+00
 -1.3204518e-01
  6.0984470e-02
  8.6645305e-01
 -8.0426913e-01
  6.0019541e-01
 -7.2344083e-01
 -2.5011487e+00
  1.3377267e-01
  6.9989723e-01
 -1.5959052e+00
  1.1090274e-01
  5.7710201e-01
  5.9732929e-02
  6.4051634e-01
  1.7150792e+00
  1.4671175e-01
 -2.0130317e+00
 -7.0857638e-01
  2.8531921e-01
  6.0997467e-02
  1.0686147e+00
  1.1491220e+00
  2.1416712e+00
  2.9539284e-01
  3.6495714e+00
  1.4435561e+00
 -1.3889171e+00
 -3.5846734e+00
  4.9604815e-01
 -5.3975824e-03
 -2.6065886e-01
 -9.9546748e-01
  5.4316598e-01
 -9.2444348e-01
 -1.1720458e-01
  7.4707544e-01
 -2.6872978e+00
 -8.4319942e-02
 -1.2472031e+00
 -9.0108171e-02
  3.8193983e-01
 -5.4768691e+00
  3.3891473e+00
 -4.6491462e-01
  1.7488492e-01
  1.4968535e-01
  1.4017917e-01
 -1.9612189e-01
  1.2734599e-01
  1.8153937e+00
  8.9439464e-01
  3.0202963e+00
  1.2783040e+00
 -3.5529745e+00
 -1.8542358e+00
 -1.3193910e+00
 -2.4309216e+00
 -1.1850426e+00
 -1.6024926e-01
  7.5983894e-01
 -2.1238849e+00
  1.2283401e+00
  1.9424562e+00
 -6.0033661e-01
  3.3075038e-01
  1.3830223e+00
  5.3979439e-01
  5.8477610e-01
  6.1336707e-02
 -4.8614837e-02
  3.4667182e-01
 -1.2890299e-01
 -2.8722405e-01
 -2.2870384e-01
 -8.4894383e-01
 -4.7495749e-02
  8.0134284e-01
 -1.1098306e+00
  1.2374103e+00
  1.9518530e+00
 -2.3942807e+00
 -5.9877353e+00
  1.9801130e+00
 -1.4237779e-01
 -2.6301427e+00
  5.7553071e-01
 -2.1618249e-01
 -6.5030032e-01
 -1.2013859e+00
 -1.3651458e+00
 -9.1542369e-01
  2.2816993e-02
  4.1809523e-01
 -7.4162632e-01
 -4.4317392e-01
 -1.2850540e+00
 -1.7871453e+00
  2.7156226e-02
 -1.1672008e+00
  5.7745233e-02
  4.0603209e-01
  3.0184028e-01
  7.9464577e-02
  1.5996952e+00
 -6.9226748e-01
 -1.6961196e-01
 -5.4136362e+00
  2.4366595e-01
 -5.9672054e-02
  4.5978677e-01
 -1.1961816e-01
 -5.1730952e+00
  1.0224544e+00
 -2.9903708e+00
  4.5400763e-01
  6.1221915e-01
  1.8289785e+00
 -5.2541345e-01
 -6.2996641e-02
  1.5155697e-01
 -6.4770311e-02
  3.5510352e+00
 -1.0305475e-01
 -1.1037319e+00
 -5.1286619e-02
  3.1790998e+00
  2.3574613e-01
 -2.0846987e-01
  4.7403205e-02
 -1.4070208e+00
  5.0167990e-01
  2.1364191e+00
  2.0465982e-01
  1.4887947e+00
 -2.2755411e+00
 -6.2762415e-01
  1.8417965e+00
  5.3135477e-02
  2.3185132e+00
  2.4333258e-01
  6.5965599e-01
  3.6600789e-01
 -2.5096056e-01
  1.8071305e+00
 -1.6693983e-02
 -1.2315156e+00
  1.0493634e+00
 -3.3273524e-01
  5.5465883e-01
  3.3038125e+00
 -3.2148535e+00
  7.4300092e-01
 -1.8346059e+00
  1.5795444e-01
  4.4193357e-01
 -9.9472368e-01
 -1.0422531e+00
 -1.5656607e-01
 -3.8427123e-01
 -9.2812496e-01
  7.2204715e-01
 -1.6328974e+00
 -5.9003896e-01
  1.0488253e+00
  2.6933033e+00
  3.6937978e+00
  3.4598181e-01
 -9.8298371e-01
  3.9249876e-01
  3.3744937e-01
  3.3306223e-01
 -1.1708858e+00
 -5.5416107e-02
 -3.7998876e-01
  5.2231586e-01
 -6.0922138e-02
 -5.9987593e-01
 -4.0938783e-01
  3.4049860e-01
  1.4001153e-01
  1.9615747e-01
  5.9767038e-01
  1.1183585e+00
 -2.5328025e-01
  4.7069654e-01
 -1.1067470e+00
  1.1990211e+00
 -1.7909473e-01
  4.6845260e-01
  3.8369587e-01
  1.5631890e+00
 -2.8467917e-01
  1.1669619e+00
 -1.0949277e+00
 -9.1674757e-01
  1.8133156e-02
  1.0371972e+00
  3.6774514e+00
  4.6500105e-02
 -4.8082490e-02
 -5.2632838e-01
  5.3555191e-01
  6.6703647e-02
 -1.0337313e-01
  1.0327771e+00
  4.2756337e-01
 -1.0144329e+00
  1.4574874e-02
  2.3633029e+00
  4.3739635e-01
 -3.9709117e+00
  1.2549723e+00
 -1.2622699e+00
  6.5627867e-01
 -5.8331847e-01
  3.5167444e+00
  3.8532996e-01
  2.6740801e+00
  1.5682809e+00
  4.9044976e+00
  1.3214968e+00
  3.7802523e-01
  6.7889035e-01
  1.3246841e+00
 -8.8902009e-01
 -2.8916450e-02
 -2.0548408e+00
  2.1191154e+00
 -9.9466425e-01
 -1.9468348e-01
 -5.8416420e-01
  5.8988255e-01
  1.6596487e-01
 -7.1743888e-01
  5.0486986e-02
  1.2161283e+00
 -3.7361021e+00
 -2.0814612e+00
 -2.9755625e-01
  3.0154001e-02
  1.1763917e+00
 -6.4394780e-02
 -4.8148423e-01
 -4.2241266e-01
 -4.4876608e-01
 -3.2930458e+00
  1.6283886e-01
 -3.4734282e+00
  2.3031940e+00
 -1.6035054e+00
  2.3612709e-01
 -2.3937156e+00
  2.1065657e-01
  4.5783475e-01
 -9.5246869e-01
  7.2691280e-01
 -1.4681673e+00
  5.2179396e-01
 -2.0952292e-01
  9.9285305e-02
 -3.5730548e+00
 -8.4050208e-02
 -1.7329895e-01
  3.9930785e-01
  1.9988318e-01
 -8.5336828e-01
 -9.7500670e-01
 -6.2542146e-01
 -1.2931730e-02
 -3.0169553e-01
 -2.6247829e-01
  7.8084272e-01
 -2.2227487e-01
  1.5553194e+00
  1.2380149e+00
  2.2976143e+00
 -8.2654172e-01
 -3.1804389e-01
  2.1172051e+00
  9.5460582e-01
 -2.9338771e-02
 -3.1238432e+00
 -1.8326594e-01
 -3.1480634e-01
  3.5215569e+00
  8.1150317e-01
  1.3858300e-01
  1.2109236e+00
  1.3276374e-01
 -4.3815229e-02
 -7.7129525e-01
  7.5621128e-01
  3.2092610e-01
 -1.1733961e+00
  7.2691965e-01
 -2.8595242e-01
  2.8027859e+00
 -5.8112055e-02
  7.4643832e-01
 -5.3439039e-01
  2.3034060e-01
  5.9566450e-01
  9.0508723e-01
 -8.1841457e-01
  9.9454069e-01
  1.3800912e-01
 -7.1196294e-01
  2.8067118e-01
 -3.6333034e+00
  4.3494967e-01
  1.3536391e-01
  1.6747953e+00
  2.0808008e+00
 -1.5699653e-02
  9.0250301e-01
 -7.6820666e-01
  3.6603126e-01
  1.0143330e+00
 -2.1950850e-02
 -3.1637016e-01
  1.4771432e+00
  1.3737944e-02
  2.6655354e+00
 -3.4748929e+00
 -3.2848373e-01
 -1.6566505e-01
 -5.5438799e-01
 -3.3487120e+00
 -4.7285557e-01
 -1.2781661e+00
 -2.6969340e-01
  9.8446482e-01
  3.7834656e-01
  1.2317622e+00
  6.9551095e-02
  4.0981922e-01
  2.3248127e-02
  2.2872086e-01
  1.9522591e+00
 -9.1567092e-02
 -1.8138477e-01
 -3.6148989e-01
  1.2116187e+00
 -2.2899731e-01
  2.1523824e-01
  1.6093777e-01
  1.3002572e+00
 -6.9692898e-01
 -1.7996212e-02
 -7.3809195e-01
  3.0644166e-01
 -3.9443985e-02
 -1.0393633e+00
 -7.7958089e-01
 -5.3982668e-02
  2.9046981e+00
  6.6013616e-01
  2.4890695e+00
 -8.5729885e-01
  3.6063462e-01
  3.8580051e-01
 -1.8112049e-01
  5.3812432e-01
  1.2607788e-01
 -4.3112114e-01
  2.1241961e+00
  1.7565992e+00
  2.8464952e-01
 -3.5763264e+00
 -2.8748739e-01
 -1.9142206e-01
 -1.0962778e+00
  5.4383075e-01
 -7.2338946e-02
  1.2981875e+00
 -1.0065738e+00
  4.1669288e-01
  9.9778312e-01
  4.7346053e-01
  1.5565741e-01
 -5.7420498e-01
 -2.0792452e-01
  1.6655979e+00
  4.0760012e+00
  6.3027702e-02
  9.6471393e-01
 -2.8598931e+00
  6.1383992e-01
  4.0091327e-01
  9.0617740e-01
  7.5895868e-02
  4.8098567e-01
  2.3054655e+00
  3.4415931e-01
 -1.6401912e+00
 -2.4150126e+00
 -9.8259985e-02
 -8.7040389e-01
 -2.2145656e-01
  3.1937611e-01
  5.6671488e-01
 -5.3554666e-01
 -1.1269228e+00
  8.8026375e-01
  2.6776239e-02
 -9.5770586e-01
 -3.4638453e-02
  1.7422366e-01
 -1.5393250e-01
 -3.0274482e-02
  1.1416169e+00
  4.2039457e-01
  8.5659185e-04
  6.4048594e-01
  1.5389501e-02
 -9.0436995e-02
  5.6968112e-03
 -4.7592208e-02
 -3.7395757e-02
  2.2845262e-01
 -2.7408872e+00
 -5.1520079e-02
 -1.7014802e-01
  5.4401703e-02
 -1.5233405e+00
 -3.4689102e+00
  3.0198848e-01
 -1.7145339e-01
 -1.7731060e-01
 -4.8794497e-02
  1.0470547e-01
 -8.2596141e-01
  3.2099020e-03
 -1.0431615e+00
 -3.2083549e+00
  9.9357831e-01
 -1.1005524e+00
  1.8874444e+00
 -5.9183306e-01
  1.6535057e-02
  2.8092654e+00
  6.5532595e-01
  6.0509950e-01
  4.5324659e-01
 -1.5801866e-01
  5.6735363e-02
  6.1235034e-01
 -1.9904572e-01
 -2.3202473e-01
  2.0649729e+00
  3.2204214e-02
  1.3231438e+00
  1.3344818e-01
 -3.2126966e-01
 -3.6602337e-02
  3.9911708e-01
 -8.2301611e-01
  6.1689126e-01
 -5.2744281e-01
  2.5414291e-01
  1.4006560e+00
 -6.8026197e-01
  7.5891131e-01
 -2.3315072e-02
  1.8788146e+00
 -5.3196627e-01
 -1.5955943e-01
 -7.8762579e-01
  3.9506456e-01
 -7.9588997e-01
  1.7134763e+00
  8.8546120e-02
  9.2224890e-01
  1.4496706e+00
 -3.3900118e-01
  6.7164786e-02
 -1.0755200e-01
 -9.6150003e-02
  1.1354798e+00
  3.5355687e-01
 -5.1296973e-01
 -1.2282051e+00
  4.2819417e-01
  1.0764896e+00
  1.9833860e+00
 -4.9039313e-01
 -2.6042083e-01
 -7.5899094e-01
  1.3235122e+00
  1.0592105e+00
  2.1336842e+00
 -1.2970442e+00
  4.9701491e-01
 -3.5808361e-01
 -4.1039567e+00
  1.2352764e-01
  1.7426693e-01
 -1.7202936e-01
  1.0909535e+00
  1.5052034e-01
  3.6352447e-01
  8.0694544e-01
  3.8646236e-01
 -7.9052156e-01
  5.2074160e-02
 -9.4664425e-01
  6.4178300e-01
 -7.2849929e-01
  1.1522838e+00
 -1.8491189e-01
  4.8273939e-01
  1.5389270e-01
  1.0442975e+00
 -7.5957572e-01
  1.9460949e-01
  1.4188776e+00
  7.5504673e-01
 -2.6793602e+00
 -9.7130954e-01
 -2.3427062e+00
 -1.0109015e+00
 -1.6918362e+00
 -3.4037569e-01
  3.4684855e-01
 -1.2066472e-01
 -4.2610761e-02
  2.3940387e+00
 -6.2548451e-02
 -2.4194021e+00
  1.8527174e-01
 -7.8339833e-01
 -1.8337354e-01
 -2.8024843e+00
  5.3951401e-01
 -9.2320867e-02
  9.7037482e-01
  1.2849914e+00
  1.0564057e+00
  1.9308112e+00
 -2.9967287e+00
  7.7653813e-01
 -3.9266279e-01
  2.0173452e+00
 -1.0385966e+00
 -8.6462837e-01
 -5.7296228e-01
 -1.4143739e+00
  9.1420889e-01
 -9.2011482e-01
  3.6532242e-02
  1.6033587e-01
 -5.6668649e+00
  2.7253212e-02
  8.9303499e-01
  1.5086269e+00
  1.0896394e+00
 -6.9924146e-02
 -1.1200856e+00
 -5.8027190e-01
 -9.9302500e-01
  1.4334507e+00
  2.3805192e+00
  2.5791323e-02
 -3.9445076e+00
  1.5686144e-01
  7.1807466e-02
  1.7699214e+00
  9.9571186e-01
  5.1747209e-01
 -1.0344781e+00
  2.2904895e-02
 -1.2078836e+00
 -7.6360404e-01
  6.8859935e-01
 -7.5587940e-01
  8.0189443e-01
  1.5565436e-01
 -2.6007086e-01
 -5.2788436e-01
 -2.2009145e-03
  2.1813044e-02
  1.0480991e-01
  6.7843652e-01
 -3.4401104e-01
 -1.0778230e+00
  1.3420214e-01
 -1.9503554e-02
 -1.4889216e+00
  7.6979089e-01
  1.5645671e-01
 -1.1947476e+00
 -8.7798899e-01
 -5.7369292e-01
  5.3207576e-01
  5.3373077e-03
 -6.0061532e-01
 -3.5126829e+00
  4.8958275e-01
  1.4684761e-01
 -6.6164434e-01
  6.8935269e-01
  1.2934559e-02
  1.6094996e+00
 -3.5596553e-02
  1.6387125e-02
  6.8018621e-01
  8.0335610e-02
  1.0596645e+00
  6.0113590e-02
  2.9975900e-01
  5.7992333e-01
 -2.9714948e-01
  3.3363596e-01
  6.0595866e-02
  1.9723192e+00
  3.0106384e-01
  8.8657916e-01
  1.0722336e+00
 -1.2740794e+00
 -7.7773017e-01
  2.7081203e-01
  2.5450236e-01
  1.2164520e-01
  1.2530279e+00
  6.1829239e-01
 -8.9154232e-01
 -4.6245795e-02
 -1.5308753e+00
  1.1888945e+00
  5.3406227e-01
  3.2192531e-01
  3.4287229e-01
 -2.8605947e+00
  2.6008925e-01
  1.3797230e+00
  5.2881616e-01
 -8.1303799e-01
 -1.2871201e+00
  9.9166322e-01
  1.2172158e-02
 -1.2538128e-01
 -1.6990565e-01
  1.9381264e-02
  4.9486674e-02
 -3.3576226e-01
  1.8220638e+00
  1.7072260e-01
 -1.8043669e-01
 -3.5854551e-01
  5.3867972e-01
 -1.6487814e+00
  3.2971907e-01
  1.3780925e-01
  5.0875193e-01
  7.6451272e-01
  1.0099760e+00
 -2.4231329e+00
  2.0599294e-01
 -1.0390244e-01
 -1.0899360e+00
  4.6705076e-01
  5.8936417e-01
  3.5079432e-01
  5.7039094e-01
  1.9908459e-01
 -1.0890777e+00
 -1.6672754e-01
  1.4921619e-01
 -9.5879275e-01
  6.1550981e-01
 -9.4517410e-02
  1.5667255e+00
  1.9978794e+00
  4.2509937e-01
  5.4238689e-01
  7.3250212e-02
  7.5032055e-02
  7.4509025e-01
  2.4318579e-01
 -1.1907648e-01
 -2.1384361e+00
  1.7478657e+00
 -2.1764729e-02
  6.0233879e-01
 -1.1517054e-01
  1.4446520e+00
 -8.5540909e-01
 -2.0749898e-01
 -1.0650967e+00
  9.1071409e-01
  3.5203186e-01
  1.2800834e+00
  2.2396553e+00
  2.8015608e-01
 -2.3780452e-01
  3.3165476e-01
 -4.3547469e-01
  1.8691012e+00
  5.9434855e-01
  7.4985105e-01
  1.3313627e+00
 -1.5476159e+00
  5.7798338e-01
  2.9384572e-02
  2.0795594e-01
 -4.7850337e-02
 -4.6847022e-01
 -4.3736503e-01
 -2.4803054e-01
  1.7930698e-01
  9.3987389e-03
  2.1751492e-01
 -3.1868798e-01
 -3.9071849e-01
 -2.5990176e-01
 -3.4471447e+00
 -2.6525190e-01
 -8.3246273e-01
  3.7501410e-02
  8.7853312e-01
 -1.9435027e-01
 -6.4890556e-02
  3.3104178e-01
 -2.4139287e+00
 -7.3337346e-01
 -7.9529457e-02
  1.6108826e+00
 -7.8900588e-01
 -7.4891672e-02
 -5.8337290e-02
  2.6524058e-01
 -2.4941115e-01
 -3.2112980e-01
 -1.6563151e+00
  7.9843777e-01
 -3.4308746e-01
  7.3131835e-01
  1.6296957e+00
 -1.1955906e-01
 -7.3502094e-01
  6.5580630e-01
 -9.7000909e-01
 -1.8170553e+00
  1.7845806e-02
  2.4162881e-01
  3.1170912e+00
  5.9176928e-01
  5.9895784e-02
  6.4096749e-02
 -2.2876607e-01
  7.3345131e-01
 -2.3203049e+00
 -1.5870209e-01
 -2.3176723e+00
 -1.1181620e+00
  3.1486435e+00
  4.1507650e-02
  1.6104080e-01
  1.5734588e+00
  7.9043306e-02
 -6.5551299e-01
 -7.1255440e-01
  2.1461427e+00
 -1.3750309e+00
  7.8114879e-01
 -1.1777908e-01
 -2.2118858e-01
  6.3692230e-01
  3.1192249e-01
  1.6632845e+00
 -4.7021033e-03
  1.3122829e+00
  1.0625591e-01
 -8.3059594e-02
  1.4117950e-02
  3.9523836e-02
 -9.5555045e-02
 -1.4536531e-01
 -1.3670263e+00
 -8.1476361e-01
  8.2094187e-01
 -1.0800302e+00
  2.5750196e-01
  8.4543169e-02
  3.5501364e-01
  5.2921432e-01
  1.6513433e-02
  6.5712094e-01
  2.4805467e+00
 -3.8511715e+00
 -1.9088745e-01
 -1.2395489e+00
 -2.0784633e-01
  2.0161787e-01
 -1.3437766e-01
 -1.6644542e-01
 -2.4341381e+00
  5.4395877e-02
  3.0586797e-01
 -8.8560283e-01
  6.7961782e-01
  2.9790109e-01
  3.3387590e-02
 -1.3689226e-01
  3.1200477e-01
  1.7353487e-01
 -1.2422643e+00
 -5.1876682e-01
 -2.8635757e+00
  4.8369205e-01
  1.0392464e-01
  1.0604900e-01
  1.2093008e+00
 -2.3046383e-01
  2.8909776e+00
 -5.7876658e-01
  2.9177396e+00
 -1.7333820e-01
 -1.5184702e+00
 -6.4228290e-01
  4.7128645e-01
  2.2742185e-01
 -4.8923662e-01
 -1.7271482e+00
  9.4005239e-01
 -2.8817201e+00
 -3.7960756e-01
  4.2576942e-01
 -7.4231219e-01
  3.3413965e-01
  6.8221587e-01
 -9.4304040e-02
  1.4375120e+00
  9.3815064e-01
 -7.0066178e-01
  4.9415374e-01
  3.4886989e-01
  8.2119875e-02
 -4.3393910e-02
  2.8766999e+00
 -9.1088229e-01
 -4.5719245e-01
  4.2378474e-02
 -1.3277547e+00
 -5.7335758e-01
  9.6102679e-01
 -6.1143386e-01
  6.8599366e-02
  9.5707941e-01
  3.6467594e-01
 -1.7517751e+00
 -8.1557250e-01
  1.3015285e+00
  7.2458738e-01
  7.8592157e-01
 -1.0845037e-01
 -8.8610008e-02
  2.1351776e+00
 -5.9933180e-01
  4.4439524e-01
  8.8798213e-01
 -2.5007835e-01
  2.2592613e-01
  7.2084713e-01
 -3.3843529e-01
  4.9928159e-02
  9.7938651e-01
  9.1099106e-02
  2.0368395e+00
 -4.1907904e-01
 -1.9536825e+00
  8.6280459e-01
 -7.9611486e-01
  1.2227730e-01
  5.8990097e-01
  7.2563112e-01
 -6.1780447e-01
  7.0764512e-01
  1.4120141e+00
 -1.8444465e-01
 -5.7584637e-01
 -3.2029843e+00
 -1.0308899e+00
 -7.0125587e-02
 -1.4449736e-01
  2.2656717e+00
 -6.8276954e-01
  2.0812976e+00
  2.2402854e-01
  2.3081008e-01
  1.2475519e+00
  2.1807542e-03
  1.0787319e-01
  5.0556558e-01
 -2.5703487e-01
 -2.1816044e+00
  4.2896608e-01
 -1.2684594e+00
 -2.4524109e-01
 -2.0456725e-01
 -9.1217875e-02
  1.7530201e-01
  9.5236339e-02
  5.4217213e-01
 -2.2822576e+00
  1.2016732e+00
 -4.6679857e-01
 -4.6247352e-02
 -1.6006300e-01
  1.4292510e-01
  1.9745708e-02
  1.3220202e+00
  7.8195736e-02
 -2.4699461e+00
 -1.9911929e+00
 -1.4398025e+00
 -1.7035300e-02
 -1.9752669e+00
  8.4691578e-01
  4.0699089e-01
 -8.9761354e-02
  1.9009709e+00
 -8.2822907e-01
 -1.4484497e+00
 -6.2020864e-02
  4.9533617e-02
 -2.7947299e+00
  4.9100199e-01
  1.0918342e-01
  3.4740755e-01
  5.2483284e-01
  8.6887074e-01
 -2.6683320e-04
  6.8775737e-01
  3.2176104e-01
  6.8822908e-01
  1.5936379e-01
 -2.2603700e-01
 -1.6592045e-01
  4.6059301e-01
 -1.2604837e+00
  2.7219668e-01
  1.1432253e+00
 -1.6890834e-01
 -6.1943966e-01
  6.9472514e-02
 -8.0782436e-02
  2.8887174e+00
  8.6050802e-01
  3.5124287e-01
  9.9418178e-02
  1.9906851e+00
  8.8857418e-01
  4.8812664e-01
  4.1066903e-01
 -3.4696648e-01
  4.2443100e-01
 -2.5929031e-01
  9.9396177e-02
 -4.8590597e-02
  7.6799166e-01
 -1.0167591e-01
 -7.4462402e-01
  8.6753786e-02
 -1.1239931e-01
  1.2140529e+00
  1.4646602e+00
 -3.2051998e-01
  1.3941690e-01
 -5.3064609e-01
 -8.2324392e-01
 -6.3074487e-01
  1.0830710e+00
  2.6838332e-02
 -1.3500629e-01
 -1.4382507e-01
  1.7653061e-01
 -2.5735540e+00
 -2.4546210e-01
 -4.0686369e+00
 -2.0527475e+00
  9.9049461e-01
 -1.1970087e-01
  2.1395509e+00
  7.4186403e-01
 -3.1294554e-01
  3.2236280e+00
 -1.4728386e+00
  1.5152077e-01
  1.8739413e+00
  1.5061463e-01
 -6.0100246e-02
  1.1996852e-01
  1.1256229e+00
  4.8168099e-01
 -6.7435801e-01
  3.3449080e-02
  3.8576368e-02
 -5.4225510e-01
 -5.2209568e-01
 -2.3803218e-01
  1.5180852e+00
 -2.9698974e-01
 -3.6848468e-01
  4.3183637e-01
 -3.3126462e-01
 -4.0222433e-01
  1.2646340e-01
  2.4680551e-02
  4.5707304e-02
  4.5707304e-02
  4.5707304e-02
  4.5707304e-02
  4.5707304e-02
  4.5707304e-02
  4.5707304e-02
  4.5707304e-02
  4.5707304e-02
  4.5156059e+00
  4.5156059e+00
  4.5156059e+00
  4.5156059e+00
  4.5156059e+00
  4.5156059e+00
  4.5156059e+00
  1.3383687e-01
  1.3383687e-01
  1.3383687e-01
  1.3383687e-01
  1.3383687e-01
  1.3383687e-01
  1.3383687e-01
  3.8958433e-01
  3.8958433e-01
  3.8958433e-01
  3.8958433e-01
  3.8958433e-01
  3.8958433e-01
  3.8958433e-01
  1.9051829e-02
  1.9051829e-02
  1.9051829e-02
  1.9051829e-02
  1.9051829e-02
  1.9051829e-02
  1.9051829e-02
