   5    5
1 1
     4.816400924911204     0.000000000067758     0.000000000000000
     0.000000000067758     4.816400924778361    -0.000000000000000
     0.000000000000000    -0.000000000000000     9.005375737683257
1 2
     0.168161711554746     0.000000000002366    -0.000000000000000
     0.000000000002366     0.168161711550107    -0.000000000000000
     0.000000000000000    -0.000000000000000    -0.762971146869226
1 3
    -3.766617083011195    -0.000000000052989    -0.000000000000000
    -0.000000000052989    -3.766617082907308     0.000000000000000
     0.000000000000000     0.000000000000000    -5.378523980924716
1 4
    -1.374842867417805    -0.000000000019341     0.000000000000000
    -0.000000000019341    -1.374842867379884    -0.000000000000000
    -0.000000000000000     0.000000000000000    -2.757971530954137
1 5
     0.156897313963050     0.000000000002207    -0.000000000000000
     0.000000000002207     0.156897313958723    -0.000000000000000
     0.000000000000000     0.000000000000000    -0.105909078935177
2 1
     0.168161711554746     0.000000000002366     0.000000000000000
     0.000000000002366     0.168161711550107    -0.000000000000000
    -0.000000000000000    -0.000000000000000    -0.762971146869226
2 2
     4.612939744453717     0.000000000064895    -0.000000000000000
     0.000000000064895     4.612939744326486     0.000000000000000
    -0.000000000000000     0.000000000000000    14.387040910181634
2 3
    -0.115474265977109    -0.000000000001625    -0.000000000000000
    -0.000000000001625    -0.115474265973924    -0.000000000000000
    -0.000000000000000    -0.000000000000000     0.090804210782766
2 4
    -0.022022152995358    -0.000000000000310     0.000000000000000
    -0.000000000000310    -0.022022152994751    -0.000000000000000
     0.000000000000000    -0.000000000000000    -7.791391124842628
2 5
    -4.643605037035996    -0.000000000065327    -0.000000000000000
    -0.000000000065327    -4.643605036907919    -0.000000000000000
    -0.000000000000000    -0.000000000000000    -5.923482849252546
3 1
    -3.766617083011194    -0.000000000052989     0.000000000000000
    -0.000000000052989    -3.766617082907307     0.000000000000000
    -0.000000000000000     0.000000000000000    -5.378523980924717
3 2
    -0.115474265977109    -0.000000000001625    -0.000000000000000
    -0.000000000001625    -0.115474265973924    -0.000000000000000
    -0.000000000000000    -0.000000000000000     0.090804210782766
3 3
     3.894562411354748     0.000000000054789    -0.000000000000000
     0.000000000054789     3.894562411247333    -0.000000000000000
    -0.000000000000000    -0.000000000000000     6.568459118013278
3 4
     0.006115511370056     0.000000000000086     0.000000000000000
     0.000000000000086     0.006115511369888     0.000000000000000
     0.000000000000000    -0.000000000000000    -1.303060011453337
3 5
    -0.018586573736501    -0.000000000000261    -0.000000000000000
    -0.000000000000261    -0.018586573735988     0.000000000000000
    -0.000000000000000    -0.000000000000000     0.022320663582009
4 1
    -1.374842867417804    -0.000000000019341    -0.000000000000000
    -0.000000000019341    -1.374842867379884     0.000000000000000
     0.000000000000000    -0.000000000000000    -2.757971530954137
4 2
    -0.022022152995358    -0.000000000000310     0.000000000000000
    -0.000000000000310    -0.022022152994751    -0.000000000000000
     0.000000000000000    -0.000000000000000    -7.791391124842630
4 3
     0.006115511370056     0.000000000000086     0.000000000000000
     0.000000000000086     0.006115511369888    -0.000000000000000
     0.000000000000000     0.000000000000000    -1.303060011453337
4 4
     1.780911001259526     0.000000000025054    -0.000000000000000
     0.000000000025054     1.780911001210406     0.000000000000000
    -0.000000000000000     0.000000000000000    11.856218861528349
4 5
    -0.390161492216420    -0.000000000005489     0.000000000000000
    -0.000000000005489    -0.390161492205659    -0.000000000000000
     0.000000000000000     0.000000000000000    -0.003796194278247
5 1
     0.156897313963051     0.000000000002207     0.000000000000000
     0.000000000002207     0.156897313958723     0.000000000000000
    -0.000000000000000    -0.000000000000000    -0.105909078935177
5 2
    -4.643605037035996    -0.000000000065327    -0.000000000000000
    -0.000000000065327    -4.643605036907919    -0.000000000000000
    -0.000000000000000    -0.000000000000000    -5.923482849252546
5 3
    -0.018586573736501    -0.000000000000261    -0.000000000000000
    -0.000000000000261    -0.018586573735989    -0.000000000000000
    -0.000000000000000     0.000000000000000     0.022320663582009
5 4
    -0.390161492216420    -0.000000000005489     0.000000000000000
    -0.000000000005489    -0.390161492205659     0.000000000000000
     0.000000000000000    -0.000000000000000    -0.003796194278247
5 5
     4.895455789025866     0.000000000068870    -0.000000000000000
     0.000000000068870     4.895455788890843     0.000000000000000
    -0.000000000000000     0.000000000000000     6.010867458883961