5    
30   

1    
  0.0052917721090300   0.0000000000000000  -0.0000000000000033
  -0.0255325997    0.0001010567   -0.0000937306
  -0.0009042407   -0.0000026105    0.0000061066
   0.0199104979   -0.0001553420    0.0001440762
   0.0072562540    0.0000555759   -0.0000623581
  -0.0008506327   -0.0000006997    0.0000012527

1    
 -0.0052917721090300   0.0000000000000000  -0.0000000000000033
   0.0255325965    0.0001010567   -0.0000937284
   0.0009042441   -0.0000026105    0.0000061041
  -0.0199104897   -0.0001553419    0.0001440771
  -0.0072562589    0.0000555759   -0.0000623579
   0.0008506291   -0.0000006997    0.0000012516

1    
 -0.0000000000000000   0.0052917721090300  -0.0000000000000033
   0.0000000000   -0.0256468408   -0.0000855982
   0.0000000000   -0.0009015218    0.0000060986
   0.0000000000    0.0200655389    0.0001442889
   0.0000000000    0.0072008629   -0.0000626700
   0.0000000000   -0.0008499491    0.0000011724

1    
  0.0000000000000000  -0.0052917721090300  -0.0000000000000033
   0.0000000000    0.0254453263   -0.0000844510
   0.0000000000    0.0009069214    0.0000063066
   0.0000000000   -0.0197560379    0.0001435173
   0.0000000000   -0.0073118632   -0.0000622334
   0.0000000000    0.0008513078    0.0000012135

1    
  0.0000000000000000   0.0000000000000000   0.0052917721090273
   0.0000000000    0.0000000000   -0.0477283363
   0.0000000000    0.0000000000    0.0039507440
   0.0000000000    0.0000000000    0.0284503365
   0.0000000000    0.0000000000    0.0145337321
   0.0000000000    0.0000000000    0.0005167867

1    
  0.0000000000000000   0.0000000000000000  -0.0052917721090306
   0.0000000000    0.0000000000    0.0477455847
   0.0000000000    0.0000000000   -0.0039761809
   0.0000000000    0.0000000000   -0.0283948010
   0.0000000000    0.0000000000   -0.0145998955
   0.0000000000    0.0000000000   -0.0005254004

2    
  0.0052917721090299   0.0000000000000000   0.0000000000000000
  -0.0009048839   -0.0000014287    0.0000001969
  -0.0243927268   -0.0001512751    0.0001836343
   0.0006286038   -0.0000017591   -0.0000004184
   0.0001346416    0.0000000000   -0.0000504408
   0.0245904617    0.0001690966   -0.0001593255

2    
 -0.0052917721090304   0.0000000000000000   0.0000000000000000
   0.0009048829   -0.0000014266    0.0000002057
   0.0243927380   -0.0001512699    0.0001836300
  -0.0006285951   -0.0000017582   -0.0000004171
  -0.0001346482    0.0000000000   -0.0000504406
  -0.0245904664    0.0001690983   -0.0001593299

2    
 -0.0000000000000005   0.0052917721090299   0.0000000000000000
   0.0000000000   -0.0009034106    0.0000002330
   0.0000000000   -0.0242106976    0.0001861540
   0.0000000000    0.0006303669   -0.0000004469
   0.0000000000    0.0001345783   -0.0000504624
   0.0000000000    0.0244210100   -0.0001588956

2    
 -0.0000000000000003  -0.0052917721090301   0.0000000000000000
   0.0000000000    0.0009063025   -0.0000000103
   0.0000000000    0.0245555824    0.0001964162
   0.0000000000   -0.0006268286   -0.0000003775
   0.0000000000   -0.0001347352   -0.0000505279
   0.0000000000   -0.0247605065   -0.0001599862

2    
 -0.0000000000000005   0.0000000000000000   0.0052917721090323
   0.0000000000    0.0000000000    0.0039578438
   0.0000000000    0.0000000000   -0.0766990691
   0.0000000000    0.0000000000   -0.0005107710
   0.0000000000    0.0000000000    0.0416874434
   0.0000000000    0.0000000000    0.0313180171

2    
 -0.0000000000000005   0.0000000000000000  -0.0052917721090323
   0.0000000000    0.0000000000   -0.0039632158
   0.0000000000    0.0000000000    0.0757035791
   0.0000000000    0.0000000000    0.0005168122
   0.0000000000    0.0000000000   -0.0407291767
   0.0000000000    0.0000000000   -0.0313091315

3    
  0.0052917721090302   0.0000000000000000  -0.0000000000000033
   0.0199117239    0.0001563610   -0.0001510055
   0.0006259680   -0.0000026257   -0.0000042672
  -0.0205996388   -0.0001494254    0.0001528885
  -0.0000215898   -0.0000096685    0.0000073610
   0.0001091312   -0.0000016444   -0.0000004609

3    
 -0.0052917721090299   0.0000000000000000  -0.0000000000000033
  -0.0199117269    0.0001563611   -0.0001510049
  -0.0006259646   -0.0000026257   -0.0000042676
   0.0205996469   -0.0001494254    0.0001528890
   0.0000215849   -0.0000096685    0.0000073612
  -0.0001091348   -0.0000016444   -0.0000004613

3    
 -0.0000000000000000   0.0052917721090303  -0.0000000000000033
   0.0000000000    0.0197554292   -0.0001505041
   0.0000000000    0.0006286509   -0.0000036000
   0.0000000000   -0.0204501677    0.0001529465
   0.0000000000   -0.0000123412    0.0000064250
   0.0000000000    0.0001107601   -0.0000001946

3    
  0.0000000000000003  -0.0052917721090303  -0.0000000000000033
   0.0000000000   -0.0200661638   -0.0001512334
   0.0000000000   -0.0006234422   -0.0000035258
   0.0000000000    0.0207479402    0.0001533777
   0.0000000000    0.0000315726    0.0000065690
   0.0000000000   -0.0001074848   -0.0000001960

3    
  0.0000000000000000   0.0000000000000000   0.0052917721090273
   0.0000000000    0.0000000000    0.0283991985
   0.0000000000    0.0000000000   -0.0005072359
   0.0000000000    0.0000000000   -0.0347136228
   0.0000000000    0.0000000000    0.0068961263
   0.0000000000    0.0000000000   -0.0001122427

3    
  0.0000000000000000   0.0000000000000000  -0.0052917721090306
   0.0000000000    0.0000000000   -0.0284493243
   0.0000000000    0.0000000000    0.0005129100
   0.0000000000    0.0000000000    0.0347928585
   0.0000000000    0.0000000000   -0.0069289506
   0.0000000000    0.0000000000    0.0001112795

4    
  0.0052917721090299   0.0000000000000000   0.0000000000000000
   0.0072534202   -0.0000626270    0.0000590747
   0.0001333127   -0.0000123023    0.0000425868
  -0.0000205689    0.0000027811    0.0000020748
  -0.0094110288    0.0000808464   -0.0000947465
   0.0020764268   -0.0000013558   -0.0000036128

4    
 -0.0052917721090304   0.0000000000000000   0.0000000000000000
  -0.0072534233   -0.0000626270    0.0000590745
  -0.0001333092   -0.0000123023    0.0000425876
   0.0000205770    0.0000027811    0.0000020744
   0.0094110241    0.0000808464   -0.0000947463
  -0.0020764304   -0.0000013558   -0.0000036124

4    
 -0.0000000000000005   0.0052917721090299   0.0000000000000000
   0.0000000000    0.0073181358    0.0000587701
   0.0000000000    0.0001460678    0.0000431340
   0.0000000000   -0.0000239218    0.0000020060
   0.0000000000   -0.0094933110   -0.0000945593
   0.0000000000    0.0020779945   -0.0000032614

4    
 -0.0000000000000003  -0.0052917721090301   0.0000000000000000
   0.0000000000   -0.0071936159    0.0000590262
   0.0000000000   -0.0001209275    0.0000430629
   0.0000000000    0.0000184135    0.0000020607
   0.0000000000    0.0093321647   -0.0000953327
   0.0000000000   -0.0020753290   -0.0000033263

4    
 -0.0000000000000005   0.0000000000000000   0.0052917721090306
   0.0000000000    0.0000000000    0.0145883123
   0.0000000000    0.0000000000    0.0407225543
   0.0000000000    0.0000000000    0.0069445733
   0.0000000000    0.0000000000   -0.0622472402
   0.0000000000    0.0000000000    0.0000204979

4    
 -0.0000000000000005   0.0000000000000000  -0.0052917721090306
   0.0000000000    0.0000000000   -0.0145478519
   0.0000000000    0.0000000000   -0.0417018192
   0.0000000000    0.0000000000   -0.0068801257
   0.0000000000    0.0000000000    0.0631768832
   0.0000000000    0.0000000000   -0.0000547316

5    
  0.0052917721090302   0.0000000000000000   0.0000000000000000
  -0.0008501196    0.0000008126    0.0000017080
   0.0245880932   -0.0001716874    0.0001726307
   0.0001089495   -0.0000013348   -0.0000010368
   0.0020765671   -0.0000043268   -0.0000039113
  -0.0258931755    0.0001701602   -0.0001652466

5    
 -0.0052917721090299   0.0000000000000000   0.0000000000000000
   0.0008501165    0.0000008126    0.0000017110
  -0.0245880898   -0.0001716875    0.0001726278
  -0.0001089413   -0.0000013348   -0.0000010353
  -0.0020765720   -0.0000043268   -0.0000039110
   0.0258931718    0.0001701603   -0.0001652480

5    
 -0.0000000000000000   0.0052917721090303   0.0000000000000000
   0.0000000000   -0.0008513966    0.0000019701
   0.0000000000    0.0247630888    0.0001736703
   0.0000000000    0.0001103263   -0.0000009363
   0.0000000000    0.0020809948   -0.0000039617
   0.0000000000   -0.0260659802   -0.0001658361

5    
  0.0000000000000003  -0.0052917721090303   0.0000000000000000
   0.0000000000    0.0008497753    0.0000018125
   0.0000000000   -0.0244186102    0.0001724740
   0.0000000000   -0.0001076436   -0.0000009642
   0.0000000000   -0.0020723940   -0.0000040423
   0.0000000000    0.0257238472   -0.0001641881

5    
  0.0000000000000000   0.0000000000000000   0.0052917721090306
   0.0000000000    0.0000000000    0.0005247546
   0.0000000000    0.0000000000    0.0313132923
   0.0000000000    0.0000000000   -0.0001114841
   0.0000000000    0.0000000000    0.0000482082
   0.0000000000    0.0000000000   -0.0317990900

5    
  0.0000000000000000   0.0000000000000000  -0.0052917721090290
   0.0000000000    0.0000000000   -0.0005232314
   0.0000000000    0.0000000000   -0.0313191948
   0.0000000000    0.0000000000    0.0001128460
   0.0000000000    0.0000000000   -0.0000271248
   0.0000000000    0.0000000000    0.0318036766
